Freq(Hz),Level(dB),0,1,2,3,4,5,6,7,8,9,10,11,12,13,14,15,16,17,18,19,20,21,22,23,24,25,26,27,28,29,30,31,32,33,34,35,36,37,38,39,40,41,42,43,44,45,46,47,48,49,50,51,52,53,54,55,56,57,58,59,60,61,62,63,64,65,66,67,68,69,70,71,72,73,74,75,76,77,78,79,80,81,82,83,84,85,86,87,88,89,90,91,92,93,94,95,96,97,98,99,100,101,102,103,104,105,106,107,108,109,110,111,112,113,114,115,116,117,118,119,120,121,122,123,124,125,126,127,128,129,130,131,132,133,134,135,136,137,138,139,140,141,142,143,144,145,146,147,148,149,150,151,152,153,154,155,156,157,158,159,160,161,162,163,164,165,166,167,168,169,170,171,172,173,174,175,176,177,178,179,180,181,182,183,184,185,186,187,188,189,190,191,192,193,194,195,196,197,198,199,200,201,202,203,204,205,206,207,208,209,210,211,212,213,214,215,216,217,218,219,220,221,222,223,224,225,226,227,228,229,230,231,232,233,234,235,236,237,238,239,240,241,242,243
4000.0,90.0,-0.0026232769290146507,-0.001740315891396449,-0.0012885761346836944,-0.0008322251221493104,-0.00011752797346442634,0.0006726542101098687,0.0012435388274667503,0.0013671790366487357,0.0011574545766279698,0.0007896432951959298,0.0003215910593379334,-0.00021298857122431514,-0.0007544267988102149,-0.0011810257216637865,-0.0016761234622464372,-0.0024810924426077463,-0.003139744908509101,-0.0030713493970324635,-0.0024844271084845104,-0.0016907444333469357,-0.000626185159280368,0.0004654205354448493,0.0010804459549262901,0.000966732693896688,0.0005091471688700722,0.0004709209133757497,0.000921385523433571,0.0011059233528953882,0.0007920526456928201,0.0003150039951105299,-0.0003241735768710896,-0.0008327333267388326,-0.0005253885104750111,0.0005835508742890738,0.0016420947934747687,0.0021974073671771066,0.0025795519054128135,0.0029283373503830035,0.0032627791579642462,0.0037653684614724625,0.004119062424479125,0.003686123184465373,0.002474689786424733,0.0011400232979852376,0.0003451973429324795,0.0002425059320021461,0.0007260953505117129,0.0016108240297185716,0.002635351048496659,0.003524335712157267,0.004128478003906366,0.004390185104341526,0.004376784712434301,0.004064493630551169,0.0035745701953970865,0.003536189341346585,0.0042875010208831554,0.005521597401525469,0.0068643561945691545,0.008247430294261449,0.009579239623747071,0.010767283953327933,0.011911547304066517,0.012905138291330331,0.013376416418964254,0.01308859953752517,0.012051992293038438,0.010142326978268557,0.007362277010258822,0.004094399042031682,0.0009769181019692041,-0.0014062098152578528,-0.0030385700622304057,-0.004504327133503239,-0.006421621012719925,-0.008970093112736777,-0.012029466311958004,-0.015414087783938157,-0.018788131939118102,-0.02170086332853316,-0.023828855333363208,-0.024923973995782944,-0.024897351735830853,-0.023603320187248755,-0.020641378384311793,-0.016178372419517473,-0.010972769359796075,-0.00587523718564853,-0.0014711950546697494,0.0019473667123293126,0.0039670808860137186,0.004412014309451706,0.0035978477974651923,0.0018430176274009114,-0.0006840539246155686,-0.0037286183030005304,-0.00699350488631012,-0.010535652350540659,-0.014707465467722614,-0.01961348417012232,-0.02496927109518765,-0.03022898553695086,-0.03439636131474799,-0.03666522729872668,-0.03672785098274289,-0.034473448096150605,-0.029827365466417177,-0.023098497337059598,-0.01481294820138146,-0.005427341687180842,0.0044210763938679065,0.014077534693512916,0.022877671312926395,0.030276829932063265,0.03634406553487679,0.04135315023745534,0.045402959614193605,0.04839446177129503,0.05003004588388649,0.05007413861335408,0.048540751862446996,0.04549301735323752,0.040898846975778724,0.03493805778020942,0.027957618442542298,0.020192237215610476,0.012010008099139213,0.004030797473575376,-0.0026090423155267217,-0.0067598864283979765,-0.0080486577402894,-0.006788778428301612,-0.0036598672981114078,0.0007259869372333583,0.005704756222968399,0.010251819837492349,0.0136989424248668,0.015876873149522908,0.016669917002332113,0.016328270291410263,0.015129261399238203,0.012917598546380304,0.009817712864901296,0.006447813838406091,0.003134133175208831,-2.281863933917272e-05,-0.003175473439753773,-0.006685857645294391,-0.010660087035319066,-0.01489916456876017,-0.018907105214793773,-0.0224926779424095,-0.025987175078512337,-0.029668004941640902,-0.033316791103743526,-0.03620975519424974,-0.03795236835912874,-0.03886106370032394,-0.039066833323886385,-0.03790590596963739,-0.03476959520298806,-0.029921647382025185,-0.024390306663235606,-0.01916408898239297,-0.014442228746247565,-0.009886631957556347,-0.005226604482544417,-0.00021947231532148948,0.0053101776309461,0.011239513320049355,0.017085046266629433,0.022239078134589363,0.026562464228163662,0.02989002823028386,0.03223440003807809,0.03406670856520577,0.03532448644705255,0.03522215763496206,0.032966585905569445,0.028401924367926767,0.022468237048656192,0.016220990772808364,0.009962271008134849,0.0036869660657856684,-0.0023792590120308432,-0.007711062011139802,-0.011966609037017406,-0.014989518959396264,-0.016478775677342128,-0.01639127233943327,-0.01509876490501938,-0.013175254665043212,-0.011256195087128162,-0.009442637782797192,-0.00760020668622019,-0.006083790804467526,-0.0053673665512121715,-0.0052680624307299695,-0.005294087390694813,-0.004929311625545552,-0.00413794509768195,-0.003269133186378781,-0.002258079501160637,-0.0008388039707263317,0.0008809245000129806,0.0025526374347606406,0.003888561028730919,0.004596633740305833,0.004540281928200329,0.0038354572851062585,0.0029458955275174503,0.0024834729828171476,0.002546994615215681,0.002840327750774918,0.003237082601970087,0.0037118952356252066,0.00423719548336976,0.00457356996719227,0.004359076655191529,0.003507228063526213,0.002134958432264966,0.00043498610269310234,-0.0013344944038706785,-0.002891526129644717,-0.003884895072303607,-0.004301228706538041,-0.004353700511217085,-0.0039799146200891755,-0.0035945411092086488,-0.003773064971568374,-0.004486603089048913,-0.005675380165826027,-0.007069504093237811,-0.007933399714943334,-0.007375617450122718,-0.005247088985527171,-0.002443457214340583,5.6255094332824385e-05,0.0015181188528501366,0.001582325603877166,0.0007405268065419079,0.00018455359462876686,0.0005441631034663885,0.0016487028409173377
4000.0,85.0,0.0003934432224461659,-7.39248245951174e-05,-0.00030944030671165024,7.855793099365016e-05,0.0010940647277024595,0.002281886901656094,0.003198582732011346,0.0038430636450925704,0.004252372676205596,0.004315873436411266,0.004045313417577745,0.003647252277971802,0.003184853492044226,0.002694677370129739,0.0024505812934449978,0.0025074731180296794,0.0025958952765137155,0.00229882468616438,0.0016308500105921553,0.0009266335476709742,0.00038943789859580136,0.00023288235229124155,0.0005627770471861027,0.0012096742496581214,0.0017802909146880097,0.0017824872688976257,0.0011039682501490233,0.0001451110204220285,-0.0007720482586570654,-0.0014895670252812465,-0.0016498667987363547,-0.0013984610136574815,-0.0013315594182827795,-0.0016186239015780757,-0.00206829109394846,-0.002445719626820164,-0.0027979787375898013,-0.003464510234252316,-0.004333088998720314,-0.004772128914254381,-0.0044438173141259085,-0.003703274797928202,-0.002892116102160003,-0.0022183124226415885,-0.0017867578527841488,-0.0015071086600926265,-0.0013353629313428428,-0.0012865144505269654,-0.001143823924465437,-0.0009077054663464423,-0.0008751562807773894,-0.0010236472780533745,-0.0012291734297065204,-0.0014672202341969864,-0.0016645498313039297,-0.0016333516761335432,-0.0013871560566869334,-0.0011334840843701954,-0.0008900883918805391,-0.0005023793603342597,0.00022228055507333977,0.001339449884341093,0.0027608006991641787,0.004572112910494752,0.006872207691799304,0.009375773935005327,0.011576794634038379,0.012972948049139177,0.013154107136870152,0.01202115385012803,0.009790958266364669,0.006954508968703976,0.003816775340226286,0.0007672978363792993,-0.0017382477679461772,-0.0036903897715490075,-0.005357839061304048,-0.006828002163672409,-0.00829451973771711,-0.01015946793359035,-0.012476526478621963,-0.014909222301184855,-0.016915143064011318,-0.017681783148759678,-0.016906797739579815,-0.014930757075148904,-0.01216604861298265,-0.008891721137160857,-0.005303272043732932,-0.0015506407269327838,0.0020591344185305616,0.005134921821081662,0.007449165728701246,0.009031537295811631,0.009744312912118858,0.009295511915752286,0.00769264651978574,0.00541298383893718,0.0032357427848239695,0.0016993257911934734,0.0008645485438663059,0.00020089201135942147,-0.0012131990967390038,-0.003937367321071861,-0.007798868217889776,-0.01216820777472094,-0.016457407880920982,-0.01986195208303343,-0.021519735327046874,-0.021059632260289618,-0.0185189072965386,-0.01445077213446666,-0.009682036505864744,-0.004823529131670057,-0.00025358098953986996,0.004101457840022249,0.008445299570780662,0.01286334860850502,0.017136398966499655,0.0208967261272619,0.02390852671396715,0.02603215065732911,0.027343816100255935,0.02777862917469065,0.027012680092752817,0.02495804984903316,0.022073864514027264,0.01904460233959071,0.016366140442869437,0.014149463822832331,0.012073563482317695,0.009733666317401912,0.007037268545673214,0.004317049384638949,0.0018882524432939363,0.0001412752276275242,-0.0005380269563204365,-7.010064750900824e-05,0.0014933340120037997,0.003913780854958304,0.006661756035697408,0.009191434280353405,0.011135375288517935,0.012462191278928003,0.013153206523952576,0.012982725117183236,0.011650221232173408,0.009139562884286079,0.005729504426454923,0.0017917147765444952,-0.002335028170818987,-0.006518773965069613,-0.01084329426248587,-0.015495903227247254,-0.02046779812303612,-0.025279003779132836,-0.029369555676339587,-0.03247517454951776,-0.03479982879639465,-0.036715196216619006,-0.03826232131132201,-0.03923298308450285,-0.039222474157440956,-0.03779349810884014,-0.03488604960466546,-0.030961228247861072,-0.026600725178127504,-0.022192475412907697,-0.017732434187678336,-0.013096845385973666,-0.008308909116294672,-0.0035242315732375573,0.0010945551132124365,0.00563598057112813,0.010163247132766173,0.014593806163532008,0.018870222717737306,0.022840053404138416,0.026406272723988877,0.029430243131400857,0.03184534946854001,0.033648490216364735,0.034535172943606085,0.033982136216081926,0.03174097429337053,0.028125777262744123,0.023713806029945772,0.01885445577443079,0.013881714444607951,0.009254288002580324,0.005293346205803573,0.001958990525352533,-0.0008264781081734895,-0.003004428705821738,-0.004677080056580962,-0.006067705893286757,-0.007389840739335796,-0.008567079490262586,-0.00924698717597039,-0.009183521498812297,-0.00838094571520287,-0.007132261448106192,-0.005634627875394926,-0.003979500728945595,-0.002536784338147413,-0.0015103079897826888,-0.000592317195291514,0.00031759198049208237,0.0010265998051650627,0.0014735073161631362,0.001806647609292611,0.002277553701190982,0.0031238747144612944,0.0042549088696830495,0.00510886222215845,0.005146202131101063,0.004342828763270745,0.002882456717756554,0.0008026384556991673,-0.0016638579403149834,-0.00394821020321956,-0.005615695020111389,-0.006558807275069967,-0.00676366784801985,-0.006390526774424643,-0.005902443422911574,-0.005560615967681315,-0.005522546420166918,-0.006004837516115913,-0.006880146230514583,-0.007826447934178304,-0.00839640801331143,-0.008367787351915013,-0.007587713568568688,-0.005916322098897808,-0.0037049356915730414,-0.0016337967645441154,-9.633119302243642e-05,0.0010590774923713298,0.001990596798506772,0.0026786097784281537,0.0029973454829246293,0.0031288143187424566,0.003335854481534284
4000.0,80.0,0.0007325126061275,0.0006151068543402971,0.0006416886466631411,0.0008491478631356131,0.0013656770159187204,0.0022215496109367905,0.003090738331934517,0.003647809165840954,0.0036554257398790924,0.002789305009187615,0.0012666855342402528,-0.0002774343532685464,-0.0015484576953994633,-0.002367386064960897,-0.002453821368320064,-0.00179553638623986,-0.0007033330029493357,0.0003811951032606231,0.0012524021819615427,0.0018156709469252519,0.0018143585522878425,0.0012397407544995076,0.00020505934450465446,-0.0010306943076798802,-0.0020295247704638086,-0.0024758823879977854,-0.002284768374494206,-0.0015208619918993804,-0.00041105163717247706,0.0007434124427163624,0.0017154010434339284,0.0023083461808681704,0.0023926522985107113,0.0019754242686076395,0.0013680205857014016,0.0009707878945164339,0.0008893092928730084,0.0009129601519219932,0.000858854820595667,0.0008307680099406412,0.00102177966088135,0.0015829608734918565,0.0025348547705306146,0.003434889483955317,0.0037706522348912586,0.00356520080124767,0.0033275038280322633,0.003328671116520354,0.0034430169826293877,0.00352292062189008,0.0034940823567808366,0.003392502723187363,0.0033501728058382696,0.003445468133023155,0.003619129662624232,0.003794215164276693,0.0038905589860860346,0.0038562313342538346,0.003676242865680024,0.0034782685620626808,0.003370664192203776,0.0031759492813421275,0.0027410691494367256,0.0021750361511863048,0.0017591589296372945,0.001570198748801488,0.0015449133083933475,0.0017524731665830018,0.002133424992223354,0.002314318070517629,0.001981621977620307,0.0014004728488004048,0.0011527879761885629,0.0014790741964532117,0.0019780073134967324,0.0018934853684982045,0.0009578944304422521,-0.000710729197717086,-0.0030246205540152005,-0.005533625113685048,-0.007676496771580332,-0.009432569392231471,-0.011087385232144698,-0.012673761595749511,-0.013927958342208058,-0.014684331972603104,-0.014929094405147225,-0.01453992570787932,-0.013525061071106848,-0.012089316214769497,-0.010510706083266541,-0.009201983175444184,-0.008415517172011278,-0.008094822590010153,-0.007730473150502348,-0.006625060500198288,-0.004562836775079404,-0.0018519328293109538,0.0009402020273441281,0.003201667819752174,0.004436210510050387,0.0045953112426389,0.00404257294306376,0.0032483982170816716,0.0024291302302970053,0.0014958685401467164,0.00045674652948690664,-0.0004722615631891358,-0.0011071416006203094,-0.001569490870600987,-0.0021865023125400285,-0.0030788984695107047,-0.004176426759983087,-0.005271754588420663,-0.006029391652617733,-0.006396712937117854,-0.006792654438925183,-0.00748694528596161,-0.008051718403123687,-0.008187738487208662,-0.007993129713668168,-0.0073396706490314045,-0.005791115142983472,-0.0031151667911899494,0.0002713406721532863,0.0037350154080684206,0.006884837588927439,0.009656831778670494,0.011936280408519906,0.013518458352734797,0.014624937705320917,0.015660495122915563,0.01672211524805789,0.0175354610831846,0.017753890801941452,0.017187577583399616,0.01597718757295752,0.014440102447110803,0.013165141865556507,0.012612264121969474,0.012815059236004345,0.013653973063298963,0.01473620692138411,0.015566541833322844,0.016155093263137132,0.01680942851578493,0.017498546611705024,0.017885307457277122,0.017723902345778697,0.016959937454430474,0.015690991617134387,0.014056666053363642,0.01198386634371218,0.009416206481205336,0.006418915621253518,0.0030252151894671897,-0.0006360885151934781,-0.004445925849694277,-0.008605971046904415,-0.013088309991360347,-0.01757944545488499,-0.0217743760799749,-0.02544106791901868,-0.028384640415879403,-0.030594524247362642,-0.032249854342580875,-0.033451321712618665,-0.03428844408404075,-0.03458174546722148,-0.033906083274359844,-0.03197421705181114,-0.028993135003929638,-0.025545253024006342,-0.02213933214534336,-0.018791318723287986,-0.015305753109373654,-0.011393042953500299,-0.00705899028119461,-0.002849867453136312,0.0007067159080165197,0.003544696314250473,0.0060178737548710615,0.008489503322550718,0.011253887599593781,0.014368157330579834,0.017340383351438504,0.01948952821351213,0.02060587789287638,0.020931899769038864,0.020943117462479677,0.021035196695606828,0.020924050048165554,0.019968450004625993,0.018055368755653944,0.015745227344154955,0.013480502047968912,0.011215781192674967,0.008772783388621974,0.006078926695352038,0.0033420155531871387,0.0006469005886522439,-0.002121770092955444,-0.004612552562122119,-0.006323011447761928,-0.0072579240395498346,-0.007680463376402713,-0.007727647854949282,-0.0073550752155426835,-0.0065477423483173425,-0.00517722265058751,-0.0032489055890039253,-0.0012483843958577268,0.00016269517677525158,0.0006438705124622857,0.00046683851229190054,6.365601101787632e-05,-0.0004926132279869933,-0.001186447606826846,-0.002041643076822197,-0.003040624418915172,-0.003915905377738227,-0.004472761272467096,-0.004796250951955017,-0.004974487488595969,-0.004933110808735819,-0.004616300230964043,-0.004128655195501096,-0.0037164447075355156,-0.003558939587477994,-0.0036751266474510658,-0.00410213552015648,-0.004727489955058672,-0.004978149004131183,-0.004427770594617186,-0.003265326453671946,-0.0017715120481653912,-0.00010983020048982439,0.0014299267325768028,0.002615152094875839,0.0036985665641253718,0.00510989917046345,0.006872200142282736,0.008419766217571123,0.009261419187112097
4000.0,75.0,-0.0026504205496991062,-0.002693359313354904,-0.002259752163169537,-0.0017257173468010478,-0.0013220963213100845,-0.0010098691882731714,-0.0007946389657398356,-0.0008922124150601007,-0.001271034388850012,-0.0014872783005159818,-0.0010991583199171373,-0.00019785358074120296,0.0006601260649219398,0.0011052865289684632,0.0009759596464320452,0.0004534319308913126,0.00011223001694649071,0.0004191443581103016,0.0012521824688249694,0.002196810733323673,0.003030077300181233,0.0035508347373536253,0.0035456180214055166,0.003173812102019724,0.0026638036221271477,0.0019415919982890273,0.0009675559242694476,-7.921679978650786e-05,-0.000903889463277352,-0.0012070038302169905,-0.0009813795331936603,-0.0004404318576511912,0.0003478342336382667,0.0013244724206273872,0.0023072357357989404,0.002943367105601169,0.002858146608275547,0.0019632830916549437,0.00048339909852757046,-0.0010966361152497939,-0.0023136972338022588,-0.002924257946901321,-0.002998362891304396,-0.0026246753659364686,-0.00184095583222188,-0.0006939412378059728,0.0006077978675911311,0.0016097705390905048,0.0018977235338724086,0.0014051809715809327,0.00039717734656719017,-0.0007483421660126055,-0.001673655103395788,-0.001999925558493487,-0.0016287369231093862,-0.0010374928693934748,-0.0007567468873759253,-0.0010055855037549577,-0.0018535880608183675,-0.0027819728742883854,-0.0030919098392701017,-0.0027522617518371817,-0.002091032236251067,-0.0012152356898553762,-0.00011625306273188585,0.0010477466672043079,0.0020985186921507193,0.002986950686789669,0.0037899110516548262,0.004446036427907529,0.00471793004663823,0.004352636029381074,0.003422638839012393,0.002401864929169051,0.0017396483142917418,0.0017546503139342917,0.002387013253724035,0.0028856981248992497,0.002523989461877818,0.001312733921565723,-0.00031218141960387413,-0.0019242059057233973,-0.0032129936489155853,-0.003925565650320095,-0.004018577470787932,-0.0037035161604137556,-0.00321489013188625,-0.0025614641518956205,-0.0016848947792524882,-0.000631012853080648,0.0005675248604397609,0.0016774441835565312,0.0023368118551303496,0.00235317498820109,0.00179433623515024,0.0007752886665990388,-0.0005558047910803054,-0.0019378050275520309,-0.0031362366037512857,-0.003995682007484902,-0.0043890562295700875,-0.004230604755406375,-0.0037430596400156446,-0.0032485907297541416,-0.0027950368686191496,-0.002342326110849058,-0.0018477772645297819,-0.0013405139220878937,-0.0009529649291906139,-0.0008080565661039429,-0.000774557307181567,-0.0006379256567434766,-0.0004953795151863005,-0.00045616030397432894,-0.00038769004673255836,-0.00010947967532537461,0.00034587302466526637,0.0008560894215747794,0.0012330176879515875,0.0012848894170858216,0.0008565904097146415,-0.00014681404703065226,-0.0015608968562119685,-0.0031598483829498036,-0.004634137962256091,-0.005501668454144237,-0.005447174267203536,-0.004564198796686014,-0.0032687739182080122,-0.002016005584692948,-0.00105200548272677,-0.00030984717569459974,0.000462608035212142,0.0013708680857149602,0.0024220541128272544,0.0035801710485117155,0.004702164879688553,0.00561548274546908,0.006107695238455335,0.006018342268987453,0.005576462402956395,0.005228385280275916,0.005165555094777119,0.005317764451007179,0.0055839741719410085,0.005846233719353222,0.005994229557160224,0.006083864967365571,0.0062494045494077,0.006672999042223182,0.007325702267024781,0.007785293298923079,0.007578369043415023,0.006560096466046161,0.004921194562967912,0.0028021158726687645,0.00035032057810191475,-0.0020478774231946772,-0.003908451340350894,-0.004953609078484078,-0.0053779878328441555,-0.005601134223098825,-0.0058228666333093315,-0.006017824905057978,-0.006228292104282218,-0.006682378650424425,-0.007414660441185106,-0.00808917466343928,-0.008422842867616964,-0.008466282785946078,-0.008387259775588518,-0.008306648702216535,-0.008334104073526305,-0.008396393802456714,-0.008294172459955007,-0.007967882353909772,-0.007294029824578274,-0.006143197950336798,-0.004586567570186162,-0.002841980428769375,-0.0011936547306135026,0.00020082878415816907,0.0014053744834541249,0.0026827928767403364,0.004123789310028769,0.005496812338634527,0.006568857902067293,0.007383760269874529,0.008082065683368,0.008606686030532273,0.008887669267210185,0.008992175004607361,0.009127539613018598,0.009367329134590818,0.009610693574302331,0.009660943156575286,0.009276559076454305,0.008510654403437456,0.007553746961264096,0.006650950012954127,0.0058484244114254125,0.004967566358260456,0.004150390253698788,0.003568882300797327,0.0028819722164286077,0.0018262362733167947,0.0007481891217686609,-7.403472279676748e-05,-0.0009302371095643025,-0.0021506194602949336,-0.003577000917687201,-0.004831371747116009,-0.005816843895445345,-0.0065380985070362385,-0.0069501187027753986,-0.007157276993297046,-0.007224600029331896,-0.007148933889311593,-0.0069251462342379,-0.006458773516015981,-0.005663439939240789,-0.004676591558450127,-0.0037475982317403123,-0.00295182056575527,-0.0022027921708911435,-0.001455382814263828,-0.0008250554683897349,-0.0004186186675081416,-0.0002040705660011355,-0.00012907289126395938,-5.3493712931507176e-05,0.0002724280800947554,0.0008825407626922299,0.0016484351661461005,0.00231476038337064,0.002633856244216304,0.0025937534342546087,0.002292220857569305,0.001780196878797824,0.0010554667140283414,0.00012425341311406157,-0.0009378878784715994,-0.0018481146613069654,-0.0022707866698112866
4000.0,70.0,-0.00013581728797174009,-0.0004532617337016376,-0.0009368090747585711,-0.001444317887511204,-0.0017173629185407435,-0.0016934571522853048,-0.0016412592396264358,-0.001696298546072228,-0.0016810198788519415,-0.0014770317191548088,-0.001067690935663279,-0.0004769882822053262,0.00017348639191894222,0.0006261160478970851,0.0006268917607243907,0.00036493422173045076,0.00018941674617689586,9.893758035062206e-05,-7.439380361740078e-05,-0.00045963172157215126,-0.0010668109728939612,-0.0015196274238959973,-0.0015860064372930083,-0.0015041207168664528,-0.0013570651269390055,-0.0010243260684106303,-0.00045624148903300465,0.00012630506363020544,0.00036643968415184247,0.00021080386047866995,-0.0001289225254330617,-0.0004861017144364155,-0.0008603966983322664,-0.001132474114484694,-0.001040116326400664,-0.0004193011771125299,0.0004883660698062897,0.0011282864642581103,0.0011813620082179455,0.0007559655124111941,0.00011137139127592732,-0.0003644478330233625,-0.00039148212449546804,-0.0002047392255732916,-4.570284775629041e-05,-4.9571697441352924e-05,-0.00042286141255232224,-0.00107894326806246,-0.001659260839836918,-0.0018389617606473507,-0.001514058434182175,-0.0009797996858296187,-0.0006219874060242603,-0.0004490528227041324,-0.0004269979647641975,-0.0006215956638300213,-0.0008273459140006878,-0.0007676123625621756,-0.00046461315350576626,-6.427900572925083e-05,0.00033875657834414596,0.0005714932416189811,0.0004237738215895348,-0.0001582904363139903,-0.0008655828831471979,-0.0011993134263477145,-0.0008060423439815168,0.0003657389668898503,0.00183660198160851,0.0028533382323558953,0.0032385654158417765,0.0033295946000322374,0.0033053098036361916,0.003178139529325108,0.0030527047556461184,0.002951862088096391,0.002901664020171779,0.0029455402561495703,0.002965018452982804,0.002961153100500269,0.0031117066701114027,0.003416626315200233,0.0036516871748659696,0.0036246423640307057,0.00339757511014227,0.0029623983266446885,0.00210054573734908,0.0008386294991780119,-0.0002466643833631821,-0.0006524088491666191,-0.00046120909868996307,-5.785360038257359e-05,0.00045692180594691933,0.0012252301395676568,0.002108687890967076,0.002698588907890098,0.0026443773837314666,0.0018938781654043169,0.0007339371888015478,-0.0004857634849919634,-0.0016784587053564337,-0.0027905437960384916,-0.0036152576488035493,-0.004176696322133466,-0.004514371987340837,-0.004425423139053919,-0.0038498013665844155,-0.003069126952581769,-0.002466032045234101,-0.0021403545602538543,-0.001983253339332691,-0.0017521902817563273,-0.0011331764415700718,-0.00016482858133937128,0.0010233797143044399,0.002252445563399874,0.003050587782382763,0.003064318798706722,0.0023662498627174955,0.0015806197461998295,0.0010328760069455711,0.00038666306267920447,-0.000560842872143752,-0.0016747664366434378,-0.0026684896514694856,-0.0033916800479261155,-0.0040927767841481,-0.004965501343434653,-0.00589179371957016,-0.006703360977411421,-0.007148073688512113,-0.006831382570737787,-0.005652864842886629,-0.0041094119218598735,-0.002764274587008231,-0.00189481652590473,-0.001365760948779382,-0.0006922208362070137,0.0003225416600471931,0.0014910677137436323,0.0026333712987991476,0.0037007537034838833,0.004749684645588559,0.0059280500508407385,0.007258564860279648,0.008619058355918696,0.009816320201139206,0.010686313167695971,0.011084797968408111,0.011006850542116808,0.010655920590352252,0.01012001504818727,0.009196867267746711,0.007909247479176429,0.006623267267968913,0.005567822647378762,0.0047175676698429925,0.003852075103338848,0.0028045956668165672,0.0015342096482129364,0.00014152459759664282,-0.0012136128768602816,-0.0025514994561604,-0.003804329296031028,-0.0049465231910517105,-0.006049994283330307,-0.007238932564490597,-0.008534430939732829,-0.009649268939426747,-0.010407185335736813,-0.010784988013767816,-0.01068379784641138,-0.01003746863403876,-0.009160354252912839,-0.008474203561092963,-0.00791282950274308,-0.007369465038209455,-0.006969569810166831,-0.006611001523992854,-0.006013601172583094,-0.005005723835438403,-0.0037914360540014513,-0.0026755297977132386,-0.0018535605272873568,-0.0014551071458868137,-0.0013849280611211157,-0.0013226469919302986,-0.0010633576241758647,-0.0005985839601763132,0.0001511494679418135,0.0013319571001702002,0.0028795175133211615,0.004527472174942204,0.006130052465636027,0.0075577917257874105,0.008578072474563214,0.009057998795469757,0.00906583874638045,0.008680241414538159,0.008051221023208655,0.0074204220545937005,0.006720668022097698,0.005823774795743475,0.0049809041335890925,0.004411421450356556,0.004054678370835063,0.0037147416254157406,0.003069174026038013,0.0019222174962862937,0.0003699270612056438,-0.001386042169926327,-0.0031372202613511035,-0.0046152006660804545,-0.005676965120215982,-0.0063374492320633635,-0.00665695365498209,-0.00655278409311677,-0.005932199176328368,-0.0049290926895650955,-0.003795988856580834,-0.002760343287278033,-0.0017815080521899063,-0.0007641882682207779,0.00011151962686639649,0.0007244836397468646,0.0011238772135158115,0.0012717186193000884,0.0010353031765220067,0.0003964705508341382,-0.000583473380721955,-0.001579996022904595,-0.0021494144242240054,-0.00217164419780147,-0.001760570467190803,-0.0010719870546793686,-0.00026120919316419133,0.0004192607094832823,0.0009909933984530994,0.0016343412179153916,0.002343139682281503,0.0029287465785898803,0.0032592868404179853,0.0033282767653020073,0.0031213300832888535
8000.0,90.0,-0.001630040769029506,-0.0017124354156905497,-0.0014503799272702622,-0.000835728153347759,-0.00019395281214418247,0.00030494926028801217,0.0005765655730627373,0.0004771749106957657,-8.067001927569706e-05,-0.0009703337022770597,-0.0018479716645813937,-0.0023850004193803898,-0.0025718238649830027,-0.0026494981764102477,-0.0026675417430510606,-0.0025444923945627806,-0.002193872639111305,-0.001660275028569913,-0.0011960169521429975,-0.0011188134863004962,-0.0017091918991241073,-0.0028262718831939537,-0.003745798782262,-0.0038375183031291726,-0.0030991040844696727,-0.002041210978021013,-0.001023503615193988,-0.00021141313699679642,0.0001598319254725311,0.00014181734953044867,-8.140916413212906e-05,-0.00031243591047669383,-0.00031151711765708967,-6.920857636982802e-05,0.0003177264285003645,0.0005795285917820081,0.0005067299913008583,0.00037430925026171735,0.0002930947706758502,0.00019118909233561965,0.0001811410743624009,0.00030412930507317526,0.000438444280881356,0.0006421707610115845,0.0009890758212449668,0.0014167597095493534,0.0018816201929894305,0.002315328595514643,0.0026812381204166513,0.0028389410822171612,0.0026477040560024534,0.002283385480694733,0.0022413342293248206,0.0028767725979150782,0.004307529888336603,0.006333484847687032,0.008274622764758988,0.009575446213716532,0.010222357182954056,0.010492607671608312,0.010615312184825143,0.010739664269010518,0.01093229418103192,0.010851683995838357,0.009982351834025849,0.007960953674057691,0.004658621932662754,0.0004433163280914698,-0.004227148853175322,-0.009167555603539768,-0.014076867671519722,-0.018588769634675373,-0.022444913483354867,-0.025388185775909733,-0.026957856391618407,-0.026915357054235756,-0.025478067655626546,-0.022788915643445762,-0.018934976253603963,-0.014112554680423273,-0.008364781756142747,-0.0019628629832624256,0.004303740919198162,0.009593048133638149,0.013344545912730155,0.015364541638973606,0.015561390398488584,0.01405720428948598,0.011216553019721687,0.00734525151813159,0.002582754676794252,-0.003171695128756369,-0.009982598747626525,-0.017456120104952788,-0.02469008819616647,-0.03075298593557818,-0.035093535188934766,-0.03720213825886276,-0.03670608350603288,-0.033664925069842866,-0.028190667578087414,-0.020453221338812,-0.01125495874276794,-0.0018868533402383036,0.006519055073539448,0.01338048871701858,0.01881212519094788,0.023527029213710193,0.02844651980637991,0.03374843515757675,0.038248007427910125,0.040559296365927366,0.04032423461808321,0.03779879520493523,0.033359825124534837,0.02752462080479745,0.02089417527884052,0.014355029165358246,0.008589744915354913,0.003807279380652062,0.00042601797090036087,-0.001084010770036059,-0.0006694895193781747,0.0011893405149621117,0.003741619014618891,0.006397044671757612,0.008644426507942171,0.010199118882781022,0.011156362056397029,0.011626620555205136,0.011654466725019574,0.011361868779147244,0.010902317271188622,0.010478617973319615,0.01023188289650534,0.010216766987980463,0.010666030725303699,0.011750928230469526,0.012853232256304636,0.013170774693094245,0.012460997567131926,0.010755569768150508,0.00803325495013496,0.004178530854659357,-0.0007828403481013879,-0.006361903448492967,-0.011875237682090756,-0.01690015416500046,-0.021337896782824828,-0.02532285847678395,-0.028655902539753697,-0.0308982954777548,-0.031977339887134804,-0.03229891731848511,-0.03224486633257584,-0.03193917308408345,-0.03127012249137806,-0.02999765769118312,-0.02805087717661081,-0.02559990974759785,-0.022830102253124096,-0.01969606167051552,-0.01604130517307567,-0.012001128091299051,-0.007555990499952259,-0.0024678281640433397,0.0031747611206611737,0.008820710384327413,0.013856917391308343,0.01780676761597988,0.020281209600625516,0.02103543295106647,0.019946106988300016,0.01728379750431941,0.013714297253386576,0.009868337258467363,0.006228709104050267,0.0032451410447720264,0.001182614450812025,-0.00015846718381951064,-0.0011589162962621913,-0.0019135253381818984,-0.002182733771505241,-0.001964008511379234,-0.0016491527032869158,-0.0012176839536692796,-0.0005346869613731542,4.5034614926109384e-05,0.00039074263269434084,0.0006407876451675065,0.0008317814770286702,0.0008700116738147301,0.0005865797292337049,6.431863375233604e-05,-0.0003296675155084472,-0.00036297079231140117,-0.0001298500751367726,0.00041152242724606936,0.001436261665155314,0.0030226388059162446,0.005113436785109116,0.0073870185524071985,0.00945478806357869,0.011037924352308437,0.012015179962077127,0.012372475488575674,0.01208474298408646,0.011087693430056333,0.009416740276435576,0.007331486084893868,0.005320389462326602,0.0038168121996307036,0.002924879671795111,0.0024241204599206867,0.001972633389968337,0.0015084495874617687,0.0010904278591183925,0.0006490613047027693,7.511692656780866e-05,-0.0008065714207639019,-0.0019178909571593294,-0.0028311830657656856,-0.0033010245648057435,-0.0033234965890471813,-0.0029827575964702646,-0.0025229840439067175,-0.002081580241508618,-0.0017055474810234728,-0.0016593337814896358,-0.0021317587695079965,-0.0029400626377906747,-0.003852841601315049,-0.004527919372776523,-0.004477700432659049,-0.003499990297584077,-0.0019400061557206527,-0.0005540143344084925,6.835711163777347e-05,-9.012880025638381e-05,-0.0004811349096911499,-0.000789416032542789,-0.001203279254013978,-0.0018427234182993857,-0.0024899098338693193
8000.0,85.0,-0.0003246006519130873,-0.00038554345827002123,-0.00047560211324793045,-0.0006900354732053415,-0.0010620322399290671,-0.0015182832768800836,-0.001746930933244073,-0.0013858552083689801,-0.0004964250677197413,0.00048170911703948605,0.0012366447865730379,0.0017532049145785322,0.0020277157730674844,0.0020465471539665714,0.0018462686934839212,0.0015353516236160658,0.0013709500201741776,0.0013914808194570583,0.001524656179086037,0.001770604662887365,0.001923860182273529,0.0019048222998918618,0.001911820479705284,0.001984060027382384,0.0019794264005668083,0.001874075117314078,0.0016731501739641885,0.0012662400017404707,0.0007936377666162286,0.0004638230910458674,8.143858504228163e-05,-0.0006697950527545515,-0.0018341097529628314,-0.0031116189624924573,-0.004076705195643626,-0.004487134663833103,-0.004326577762725492,-0.0036904075351174015,-0.0028055253675773884,-0.0019535570938700175,-0.0011953842360412636,-0.0004748261783760199,0.0002503394991304475,0.0010006206974111365,0.0016409050784815804,0.0020019823576689078,0.0020068675610218634,0.0018393154777029963,0.0017670757079812915,0.001809553062948055,0.0018741641572006529,0.0018529712209058857,0.0017131286389471256,0.0016126012747363916,0.0018328839557213428,0.002603466775497054,0.003913018353784992,0.005156028493047415,0.005751039644508182,0.00567501734494158,0.005271463709988211,0.005050504903181263,0.005357105425929376,0.006105174144011016,0.007023368553404907,0.007786452371760788,0.007895525122592062,0.006704339750029931,0.0039267318285851616,-4.603726774798922e-05,-0.004496276684307077,-0.008832545361769917,-0.012598944998387651,-0.01553613770965967,-0.017678061681181134,-0.019097212700103228,-0.019911308157816165,-0.020071874828886394,-0.01919862135935091,-0.01703653929041593,-0.013916648278211596,-0.0102167776461215,-0.0061777827298215016,-0.002107811258866832,0.0016213612674675915,0.0046326520397599324,0.006702672195046944,0.007647193100979166,0.007592412920587321,0.006918235762043423,0.005589570584163539,0.003576784646242004,0.0012602302534858723,-0.0011832104185316439,-0.00417008116926354,-0.008128291817399713,-0.012987666053732028,-0.017982781486125532,-0.021910722125539905,-0.023773736756993458,-0.023048505326528357,-0.019833274578218152,-0.014838252404558716,-0.009076225104820423,-0.00335728000955271,0.0017763376325419244,0.006089541315645874,0.009618945639999765,0.012710014374306411,0.016030979210768237,0.01986038533630108,0.023831059792200904,0.027257776480382745,0.029403620871448766,0.029746891172521828,0.027967814730800455,0.024137223775255734,0.018947893920540082,0.013435242252057833,0.008665450579314893,0.005399628300040149,0.003875357368343657,0.003919669477880916,0.0050752944069643036,0.006711128985870118,0.008235237380915805,0.009390114463769805,0.01022814988260734,0.0109138715842505,0.01140616134875927,0.011523518139711086,0.01111136871401186,0.010195136290747087,0.008840543408439316,0.007025377612990269,0.004963450539463565,0.0030538513939859513,0.0015188889035400166,0.0005258262714136208,0.00016246852474477436,0.00024103705142941578,0.00043120237935845296,0.0003018571226309774,-0.0005360637489459918,-0.00224813301308302,-0.0047187702634232664,-0.007719858530208512,-0.011131737309710843,-0.014812509441242128,-0.018468723439468704,-0.021671560546110413,-0.02442171975758356,-0.027058590035267116,-0.029547654989414696,-0.031508772480037806,-0.03261894221395778,-0.032787131232225875,-0.032020608387028915,-0.03050694630246653,-0.02851313141150058,-0.026063480262905614,-0.02311798041887414,-0.019857699484759905,-0.016478363562555387,-0.013063291781634234,-0.00960673141037205,-0.00601947691691862,-0.0019726518196705456,0.002777368779405265,0.007879426000556577,0.012749806543865816,0.017178257039063283,0.021005266859219773,0.023830130757573897,0.025480698440105698,0.025997335839633706,0.025489292454494716,0.024337001747198883,0.022884286465796322,0.0214094182382496,0.020089942154299933,0.018774912291519286,0.016908849431729323,0.014090741018435438,0.01054263876199002,0.006694605758639227,0.0027614646125329045,-0.0009860330330013767,-0.0040847787374787,-0.0060105134203070065,-0.006645495709278748,-0.0062492460095597835,-0.005119230817030029,-0.003683724658642973,-0.0025146222881744507,-0.001992486176050079,-0.002263141674063718,-0.003105560031357868,-0.004101165629322168,-0.00492910778859823,-0.005255093693534718,-0.004826646193833994,-0.0037321314927396543,-0.0023930448733722187,-0.0010140766004695934,0.00033908939545135297,0.001595409471200071,0.0027598334728651253,0.003967529860204877,0.0053540207822777575,0.006826707643625696,0.008169400267377114,0.009362151054403967,0.010303861763816258,0.01063795096456488,0.010166084862817115,0.009045269422358615,0.007446001148991854,0.005424012794463806,0.003324877262400605,0.001494454338057949,9.234905895549872e-05,-0.0007750446950893775,-0.0010486472801218838,-0.0007750357577940292,-0.00017807857966012364,0.0004093218264333842,0.000506082786788653,3.472540657800671e-05,-0.000667156885292286,-0.0013146715938106013,-0.002005757560041843,-0.0030288531682742814,-0.004272680431682829,-0.005326812324568664,-0.005920943291215508,-0.006007813802000328,-0.005931315438800766,-0.006173229039063699,-0.006779063976836142,-0.0074496289137471194,-0.007912031918522189,-0.007986158401251942,-0.007620028164012638
8000.0,80.0,0.001191743148609703,0.0012123593240431774,0.0012808077931580897,0.001522632686601355,0.0020556747415412246,0.0027417059733636506,0.0031956541857169896,0.003095578904321883,0.0024594528635901725,0.0015850422085961213,0.0008709611365453895,0.0006592543178030041,0.000821781587223569,0.0010472024358776366,0.0011498848540014706,0.0009296014513715534,0.0002567180079626752,-0.0007130523949072654,-0.001569154584046828,-0.0020138803957792106,-0.0021991233278839672,-0.0024085144989527407,-0.0025940587455863806,-0.0026271367303820625,-0.0025034618822417087,-0.0022202515381763988,-0.0019653298988231427,-0.0018720986982856402,-0.0016758298082564238,-0.0011436218638749551,-0.00033519373388024576,0.00047086679000329923,0.001097826496376797,0.0014917184154583651,0.0015953734999740732,0.001463531185130762,0.0012477563426926963,0.0011445715486502195,0.0012293307483091098,0.0013192947845297454,0.0012079267586173614,0.0008059988787501027,0.0003524867620008365,0.0002609719107482533,0.0006645752836931251,0.0013661000108911026,0.0020601329531189094,0.0024536861431556645,0.002337560589538157,0.001940212435158628,0.0017018688680536798,0.0016832405469457967,0.0016832772953279118,0.001474717792326885,0.0011469515337481084,0.001085512901788377,0.001609273714286985,0.002700609069705706,0.003986229568653243,0.005009924919363584,0.005440451644744826,0.005101200795110117,0.004086167848527111,0.0029974811521782385,0.002401805421214931,0.002442476443320629,0.002941883181506455,0.0033522824516296623,0.003049199559512772,0.001725693365983716,-0.0005076631337530557,-0.0033122824483200475,-0.006354365034155762,-0.009418584134834873,-0.012184976583284879,-0.01423838025260693,-0.01547855710271051,-0.01613090461205502,-0.016420681703266382,-0.016312034389898145,-0.015366376615588706,-0.013185291081185824,-0.010002704442513277,-0.0062488996199761004,-0.0023862503084615128,0.0009915190890552594,0.003498467515683501,0.0048748320935487754,0.005037901207316509,0.004327336267095916,0.0033675915389608235,0.0025266679859470287,0.0016442038841546491,0.0004115400797921609,-0.0011689307299889151,-0.0029009872282159677,-0.004919272100778471,-0.007344107100237807,-0.009980229087602766,-0.012372115776315695,-0.013877316185073596,-0.014053846086881094,-0.012771018020885094,-0.010217641843723868,-0.006707169042385885,-0.0024243898000264608,0.002309292312929756,0.006887971526481351,0.010572183128942925,0.012918792258176381,0.014003473047807802,0.01417624240218629,0.013809581034252005,0.013279031207957814,0.012676870220218461,0.011854899284458043,0.010443907960677734,0.008053951283670813,0.004802356290412035,0.0011925287424219277,-0.002363580220432482,-0.005439276584695563,-0.007443885063906919,-0.00794069965337485,-0.006959903764425235,-0.00478702943951248,-0.0017079775371797723,0.0020994117555517278,0.006647596251241339,0.011677160571821332,0.016257981627632034,0.01944767547001902,0.021042726672249046,0.02128620479879828,0.02048417080402487,0.018991219263853054,0.017130378893170928,0.014954061100524996,0.012555064543562366,0.010168869302162875,0.008021777020417176,0.006114587058902998,0.004228937644512598,0.002332190440768045,0.0006020184351029911,-0.0008109801163946884,-0.0019810395546215886,-0.003264219561316395,-0.00500457586483094,-0.007289561398948763,-0.009909350673353856,-0.012484585809602322,-0.01492164614091962,-0.017299354837518877,-0.019374352788759097,-0.020787025434287898,-0.021624511958862058,-0.0221653930765342,-0.02239691987426795,-0.022251770204206878,-0.021673784544873342,-0.020477253670492246,-0.01864884424662705,-0.016554983162109238,-0.014517804736158268,-0.012726582454547497,-0.011341281691557015,-0.010194289856713112,-0.008831099407302645,-0.006932248997060242,-0.0044492640682847195,-0.0013036284274292598,0.0026363451421929085,0.007196991003155517,0.011702324442808276,0.015303054823334605,0.017516230244041253,0.01825954321077461,0.01786439973727738,0.016829790894234975,0.015450011048301349,0.013985218316747705,0.012819570294198002,0.011987363102150539,0.011151123580077638,0.010096827374184159,0.008866070544399918,0.007424220793694758,0.005509062095399031,0.003004558157826409,0.00015624816718240453,-0.002499175089099026,-0.004475617654264852,-0.005457732932256931,-0.005435351724258908,-0.0047409542958121165,-0.003887892230380885,-0.0033206735139401644,-0.003026123795990543,-0.0026146236287161173,-0.0019858266142591674,-0.0014754620858425938,-0.0012113303693439548,-0.0009990904770162956,-0.0006566738264268679,-6.474142749679501e-05,0.0006537075325496744,0.0014182955920816198,0.0022709640834506217,0.0029931395140181394,0.003490228328573153,0.003970686446308491,0.004499658423640085,0.004892002358758418,0.004851339330258497,0.004317444624035716,0.003442409468590313,0.0024988568991801685,0.001806478633348263,0.0013415719646303614,0.0008786723570963773,0.0002720670633227229,-0.0004008491039098061,-0.0010555296636738376,-0.001682312622541815,-0.002181758773645015,-0.002316797642620827,-0.001964121087993931,-0.0012417066264092114,-0.0003136214066223886,0.0006362891880051791,0.0013610376159434168,0.001527457493821771,0.0009452896243544728,-6.654073819722939e-05,-0.0009846039539240792,-0.001610670485874266,-0.0019465100642435118,-0.001957565887167334,-0.0017388988027278174,-0.0016285831572204756,-0.0019536661177710357,-0.0028093960491304415,-0.0040471599405123015
8000.0,75.0,-0.004035205058983138,-0.004932982911043382,-0.005381901591050564,-0.005286863835607392,-0.004637070727397941,-0.0036798784019964614,-0.0027082400766431647,-0.0017169712318576558,-0.0007131170098872985,0.00010492162694220042,0.000579496395314294,0.0007480587815855699,0.0009473956064098843,0.001519850134634737,0.0023820982963940196,0.00318478288185986,0.0037023852872408725,0.003867087983167039,0.0036177500994938327,0.003009984039792357,0.0022477759653583007,0.0017297340226818392,0.0018591203021500746,0.002536293175481319,0.003240571588847274,0.003468786591298567,0.00308002268134544,0.0021916795045484605,0.0009889480345748325,-0.00022483019612717925,-0.001107099967256886,-0.0014602531406282537,-0.001331731169784689,-0.001038056529623077,-0.0008134692919270492,-0.0005560717997177278,-0.00024345989113605526,-0.0003152286487395628,-0.0010178196063748146,-0.001992554343743791,-0.0025555408900146404,-0.0022095956175860465,-0.001082458678247633,0.0002203230375918963,0.001277713490566157,0.00208311456972865,0.002689479527973049,0.003041270568715504,0.0029778299825977683,0.002651707076140042,0.002618981254087771,0.003164947415257302,0.0038599461404942303,0.00418557188908153,0.004194301350679552,0.0042835348601499845,0.004537298980977766,0.004920501783800546,0.005462322594240732,0.006018958664810725,0.006484303760601051,0.006839392163726643,0.007000945601021158,0.006920778616859025,0.006739342417461103,0.006677558506140713,0.006602126845223211,0.006179657230376279,0.005343200548679761,0.004171911260897332,0.0026371809180858463,0.0005754294818416383,-0.0018492685160964584,-0.004308563728017134,-0.0067956920091205575,-0.00939599420490822,-0.012024002238320008,-0.01414081740591655,-0.015243907469653095,-0.015315329449094861,-0.01441543862057415,-0.012621470091289666,-0.010223258684050052,-0.007669349599837005,-0.005296697747070311,-0.0030869722333903837,-0.0008862514611074346,0.0012430734219748274,0.003022154526632903,0.004019424348911116,0.0039871177470729435,0.003213560306747354,0.002117537700740968,0.0008927204531161692,-0.00043886771994294804,-0.0017673025265452225,-0.0028877060742615868,-0.0037837737387746984,-0.004648651241723201,-0.005747323950089367,-0.007156511383499264,-0.008534507323076923,-0.009370534570507516,-0.00947910461235324,-0.00877641070928803,-0.007243859734273883,-0.005102224864828031,-0.0026162430000198356,5.422017348988284e-05,0.0027124489321295187,0.00500472419062703,0.0069076255826416855,0.008510327553779007,0.009694031355422794,0.010152510832028838,0.009915861909348678,0.009538363876515632,0.009041746018567665,0.007914491284566338,0.006026402488146232,0.0036611713660761325,0.001121014836513723,-0.001504370183980086,-0.0041488013025059445,-0.00643271169664672,-0.007749521024891237,-0.00793273269295014,-0.007083195363577488,-0.005292623228569937,-0.002644459096146079,0.0007374143518035225,0.0047140695791370035,0.008827611530648483,0.012354076872611586,0.01490387546709826,0.016669879698838486,0.01800239424198935,0.019123501004969512,0.01971047858262409,0.019230618875099026,0.01760124490601811,0.015187245239189906,0.012544068894726479,0.01004581839936236,0.0077151955935050864,0.0052409112605289465,0.0023954389583025204,-0.000613816608652229,-0.0034593377051805874,-0.005808992842304406,-0.007430290605014989,-0.008648582294767948,-0.010008995410260013,-0.0117344214345394,-0.013978358914812361,-0.01676808381034789,-0.019724858191239036,-0.02217034023033193,-0.023377483060471604,-0.022750588968278862,-0.020632516140040025,-0.018008242008704656,-0.015330895664078525,-0.012842185981298826,-0.010574402686813755,-0.008215388369592347,-0.005758527432675464,-0.003690322936122925,-0.0023120667602682943,-0.0014745717979991468,-0.0009629894659468619,-0.0003972855100453643,0.0007308820770823843,0.0024721269475946883,0.004628990080135509,0.007217433317663335,0.010155916108089968,0.013017235289680684,0.014957558747141775,0.0154907340288446,0.014777724821612992,0.013216981287200724,0.01149314865500628,0.010019100216140941,0.008839633025559124,0.007895544662517295,0.006937936003481582,0.005728562957330041,0.004117323815222562,0.0019428081365902017,-0.000643816833179045,-0.0031069185002507993,-0.005010402315264173,-0.006336003277596092,-0.007626383968784012,-0.009153296787189902,-0.010208387912769012,-0.01010384487187821,-0.008840098431051047,-0.00686493217827433,-0.004703288869478683,-0.0027772721900021224,-0.00143533274155061,-0.0006963357668254844,-0.0004429539790518078,-0.0004732815805930102,-0.0004353758742414726,-0.00010746823569940389,0.00041534811701104957,0.0008967749876021003,0.0014586299945662518,0.002241996810425917,0.002792554187891483,0.002537063670260409,0.0016031976857178165,0.0008157204911540816,0.0005011266401844239,0.00033167565915981356,0.0001195712695523099,-0.00017603701829571605,-0.00020229637409663326,0.0003209984500429641,0.001004288652239893,0.0014596136521660696,0.0014406251747089982,0.0007394104217794961,-0.0003770461720620233,-0.0015666501429478785,-0.0024345017113347467,-0.0026745947678818993,-0.0022147488287771466,-0.0010143332840328867,0.0006288409792887251,0.0019284018826226657,0.0023386932390678794,0.0020244876886010843,0.0013427672307386729,0.0006177555134101453,8.558960484794653e-05,-0.0003994853892130834,-0.0008851961941225284,-0.0012113934300117535,-0.001385864534242387,-0.001569590013517086
8000.0,70.0,0.0005265375357943469,2.914378113838545e-05,-0.000534605304469693,-0.0007251824696297149,-0.00023016188954727568,0.000754265039315527,0.0016480911080307692,0.002035719592896612,0.002109137309247444,0.0021346280298928377,0.002178802693819648,0.0023105173330151274,0.0025730184649574994,0.0028863913481558257,0.0031755873486360997,0.0035243117313399352,0.003944086834906102,0.004364174799320608,0.004587330515448684,0.004462511693503757,0.004150273902325807,0.003856123420575841,0.003641138723864401,0.0033259979215216617,0.0027835622695704387,0.002254480602204012,0.0017803787333292576,0.0011227698770710504,0.00035987424151784353,-0.00017076728919818152,-0.0002834924239802916,-0.00016520619594562191,-5.7975475115101816e-05,-3.5427747541172394e-05,-3.704896459066909e-05,-5.008242778825611e-05,-0.00027980406880345754,-0.0008996327571786367,-0.0016837526928270563,-0.002138631716164241,-0.0021057660060108674,-0.001867070054117903,-0.001574107844071193,-0.001259969018008178,-0.0010029110875109382,-0.0009489878882718017,-0.0011411617206746882,-0.0014090046907000442,-0.0014480489030077592,-0.0010562105634548402,-0.0005885077980494202,-0.0005799757341051759,-0.0009529539379826701,-0.0012029398588353502,-0.001191390541777082,-0.0011866637672497404,-0.0012510898983464358,-0.0011893577234189934,-0.0009801963685163173,-0.0007514773803229957,-0.0004961547839243963,-0.00020674002787490764,0.00017495337123474286,0.0006313903844201718,0.0009671430323265895,0.0011027978530364635,0.0011431477986434402,0.001189474074791974,0.0013211771676679973,0.0014004329917938207,0.0011920220366334888,0.0006814268593835493,-0.00010836645469858297,-0.0012239970148542056,-0.0025971775841071576,-0.004015584309513542,-0.005379332979060791,-0.0066384009400621835,-0.007694907822042296,-0.008510633087155384,-0.008965798770077527,-0.008792280681291231,-0.007967045689838415,-0.006910521932468328,-0.005864587926396325,-0.004668783581962543,-0.0032732185850647966,-0.001859197906739496,-0.0006312461109381218,0.00025492341571009547,0.0006308935596166521,0.00033428745882524424,-0.0004511827023101489,-0.0011271685806946152,-0.0014147166771394382,-0.001521260339920616,-0.0017628456472351672,-0.0022004043032097798,-0.0026587225754326482,-0.0029547067015300854,-0.003092187839115468,-0.0031182700865883817,-0.003064657638773838,-0.003020338645853826,-0.00299721070184944,-0.002898104201065621,-0.00253759302459855,-0.0015924124241450954,0.00013750418859093116,0.002531088894031086,0.005218758314384786,0.0076740791499219085,0.009542202583645576,0.010787117865618256,0.011592669046933679,0.012086101897068602,0.012085137335304807,0.011395929533364324,0.009996391270306049,0.008038187893077975,0.005885703480146276,0.0037755865101019026,0.0018936368029187634,0.0002417856470593449,-0.0014013374904919829,-0.0030104485571058603,-0.004289063326723408,-0.005056464580377451,-0.0052841726549957,-0.004770122519204278,-0.0034526410619406533,-0.0014503277467881048,0.001038547137177659,0.0036859111318676696,0.0063187246546192455,0.008822468977598419,0.011062744498246957,0.012948906835674734,0.014549624616222445,0.015886453041957793,0.016951016590383006,0.017700919840990537,0.01798005833109073,0.017466934565391057,0.015949765952427697,0.013518576480464617,0.010545308626319638,0.007537034107940599,0.004779996398696085,0.00208265604761948,-0.0009772782583183925,-0.004493338590094709,-0.008118152372560417,-0.011505687957935606,-0.014521123858912688,-0.01722722586805503,-0.019820683760940483,-0.022119440501455756,-0.023703362828086938,-0.024390432784571203,-0.024281218813371197,-0.02366189377767114,-0.022815214606453083,-0.021978632247510177,-0.021127428695422168,-0.020057505878412485,-0.018806453283559676,-0.01747960176601282,-0.015871901126729426,-0.013783076013851314,-0.011368229024810717,-0.009051954741323698,-0.007040517502332477,-0.005033703232015796,-0.0025390782809608936,0.00047483478260446077,0.0036399254721430907,0.006665681340223273,0.009441444071001115,0.011695465040872932,0.01323642262462954,0.014104707624085222,0.014397971703772328,0.01423906148545484,0.013748249649836453,0.013130552645179705,0.012627276113619246,0.012326387022199015,0.012021240003434741,0.011604567085043982,0.011094018148583018,0.010352938950575208,0.009367713715846548,0.008273839391392812,0.006967864507601007,0.005379476863964783,0.0037196561386565463,0.002253941255858649,0.0010168669239973838,-1.7114282213626097e-05,-0.0008806231854840973,-0.0015716058454628978,-0.0019159860364936776,-0.0019340804513490184,-0.0019069343881739087,-0.0020051340587912136,-0.0022259241116984185,-0.002506417295933261,-0.002748327343482515,-0.0029367426268578356,-0.002987349700944719,-0.0027585982387279273,-0.002344653138308672,-0.002061408155284994,-0.002130157827906487,-0.002425247780379891,-0.002763166584429655,-0.0029355471387049192,-0.0026503375050168643,-0.0019383661342686764,-0.0011496193996762827,-0.0005896345633971123,-0.0002721972092167846,-0.00021378843140240633,-0.0003544650961639917,-0.0005334105379617426,-0.0008650719030001142,-0.001358602452761204,-0.0017141432717693306,-0.00189971860464766,-0.001990418052599807,-0.0019481463109372044,-0.0016965002735958024,-0.0012693228690352498,-0.0007217602071563078,-0.0001283860240341994,0.0004213829285504289,0.0008495870673641548,0.0012162666429560431,0.0016450653061994558,0.002154797007491993,0.0026868531843859955,0.003049978047897639,0.0029774618326428026
8000.0,65.0,-0.005496163080209726,-0.004655654972651746,-0.003979850227153747,-0.0034529807901861886,-0.0028183226863376376,-0.0021078774281590995,-0.001596447862795003,-0.0013321052039216852,-0.0010863900890001332,-0.0008960691078030436,-0.0009439394821342262,-0.0013071747018145174,-0.0019082728730523968,-0.002478353078316786,-0.0028427762366334264,-0.0028875613011791756,-0.0024756754424259952,-0.001550395922755854,-0.00029816005220340003,0.0008900672976430712,0.0016597110352734035,0.0019913914961477985,0.002082244821011159,0.0019364949643829732,0.0016607938357893204,0.0015286627519373042,0.0016814795111841363,0.002044123093014605,0.00235209429710892,0.0024653254993012297,0.002504847662621046,0.002644126917417111,0.0028809801211338026,0.0030816413865153436,0.0030147400131852464,0.0026118893714510705,0.002136979482258994,0.0017352678183257808,0.001382033043562103,0.0011190769422242397,0.0009688432278665005,0.0008298441933618506,0.0006630298532428469,0.0005757051502186528,0.0005467986619045462,0.00046502315886876033,0.0002404220711405003,-0.00020737954409266735,-0.00082887213759264,-0.0014329388786649133,-0.0017594820045374604,-0.001756334744307253,-0.0015206461645433933,-0.0011239410513397274,-0.0007260981260692745,-0.0003775855461629618,-2.5805347442231508e-05,0.00028283519970528914,0.0005453507645469813,0.0008736454892854795,0.001203765087609554,0.0014038396001225806,0.0015680089449077173,0.0019211334745250497,0.0024866775305554256,0.0030115558935506215,0.0032991205323185113,0.003228787459619298,0.0027903719335142796,0.0020354131713418155,0.0013774049678616507,0.0012024657936038352,0.0013880008253863707,0.0016151927573204716,0.0015891592486383388,0.0012384115954944264,0.0006578588229722016,-0.00015761560112625972,-0.0012402781024434262,-0.002488452999216406,-0.003598440878604947,-0.004393142294389918,-0.004882354520674426,-0.005046078221937478,-0.004809434184238626,-0.004225504390831247,-0.0035462524028417874,-0.0028813709196384707,-0.0023144686167597683,-0.0020025969771353402,-0.0019557937491754274,-0.0018877774898840016,-0.0016074084285833123,-0.0011975080926873716,-0.000791025023261227,-0.0005342146724984786,-0.00044601275450695255,-0.00045313519603240593,-0.0005280462733736613,-0.0008201146428632455,-0.0013770237172749944,-0.0018329811002359975,-0.0018248519362273896,-0.0014650982649300204,-0.0010867585720220063,-0.0009245930132628644,-0.0009883356355544493,-0.000990710069537215,-0.0005151662985092287,0.0005367585820259535,0.001764130286296961,0.00283290324532004,0.0035851375201900737,0.003932772774106752,0.003948223969985065,0.0038443879191163433,0.003794709879656466,0.003850593177645578,0.004046704749072205,0.004223092542332552,0.003939397252850085,0.002919468000683878,0.0012344945066189439,-0.0007485748132474157,-0.002655945019469641,-0.004072684411937644,-0.004675156706213102,-0.004517742180354389,-0.0038372736099745453,-0.002901782814035414,-0.0019124934969028118,-0.0009361312836020375,-9.625753666364645e-05,0.0005538791647552443,0.0011718790382531097,0.0019425563380082167,0.002964105405567352,0.0042188039728330295,0.005611687559081702,0.00714443970650791,0.00882065886997907,0.010588578902570589,0.012336881738406191,0.013724600123055097,0.014461444486357777,0.014497078204556146,0.013655963471137511,0.011927346221796142,0.009623388308455105,0.007088715392455924,0.004482826110319138,0.0017733786661366935,-0.0009726262018006082,-0.0036854499452232403,-0.006438798827446135,-0.009083648500052277,-0.011327420779139175,-0.013109698215885146,-0.014533896752766395,-0.0157519064458711,-0.016796970925270216,-0.017392663309578893,-0.017245397998522094,-0.016388455037485983,-0.01516436931581211,-0.013803066245543505,-0.012372649571545935,-0.010845386810842683,-0.009180925353291514,-0.007562629633639517,-0.0062117786470139436,-0.005344944487006842,-0.0049595434425953044,-0.00474230521518848,-0.004239198769795394,-0.0031064031347227683,-0.0012473372335009003,0.0009711286219626913,0.003057392117256086,0.004978254697363127,0.006809944608221485,0.008689142738660394,0.010610634149088582,0.012377707747646127,0.013884155158905287,0.015016800247735773,0.01558947992919002,0.015395825059272283,0.014495968869709941,0.013391527886597032,0.012494435708276797,0.011635471253157448,0.010519068283088018,0.009179621507371394,0.007628948139881686,0.005781171985574929,0.0036936185221492224,0.0014037867535066084,-0.0007806515434083394,-0.002476179483679175,-0.0036575336093136457,-0.004349203663878143,-0.004603501135846955,-0.004613861737112757,-0.004461815805711922,-0.004194599778628572,-0.003794558445235907,-0.0031151343726776304,-0.0020837231939907497,-0.0008466738421475384,0.00020575198489414248,0.0007767145260295649,0.0008402777917915216,0.00044947878752310544,-0.00024062848935635373,-0.0009476093243421246,-0.0013794166919822715,-0.0016482422093844207,-0.001959588935562806,-0.002260271303455852,-0.0023933053316937958,-0.0022206099181687478,-0.0018172803262217485,-0.00141110545470724,-0.0009989704619073336,-0.0006020460796563043,-0.0003978854745678717,-0.000490225970928293,-0.0009579601556453099,-0.001780441016840939,-0.0028174074184761366,-0.0038550496128664236,-0.004555175348031071,-0.0047338191144774555,-0.004397566755187654,-0.003690649341692165,-0.002769495743848438,-0.0016883027198488776,-0.0006800831564568455,-4.5402889781165356e-05,0.000277278838778372,0.0004769418193717456,0.000565939906049806,0.0006131962160260684
8000.0,60.0,-2.5896194910668413e-05,9.809294349016895e-05,0.0002466779558396581,0.0005099158872923226,0.0009851912619041059,0.001546077377234667,0.0020692967339641655,0.0024730597569799784,0.002668499865521312,0.002724345415927587,0.002729507952992094,0.0027735937990769344,0.0029991638061943604,0.00334069327756481,0.003481478660916082,0.0032537421645884024,0.0028342965752159444,0.002450578184820529,0.0022712143277203722,0.002230720941298614,0.0020988082383155415,0.0018210039032240388,0.001507974634051834,0.001233537494371717,0.0008838091369867129,0.00022348173311925734,-0.0005376011857904928,-0.0009725001914873133,-0.0011144662970252739,-0.0013373789853332596,-0.001709275387895559,-0.001885928080369581,-0.0016599337460121433,-0.0012418377437484196,-0.000952667056353107,-0.0007379040711796847,-0.00041008216267179876,-4.62821343749642e-05,0.00021163003294244476,0.00036067362985114926,0.00033337499427688044,3.527909214762204e-05,-0.0003417140459482937,-0.0005244426004580305,-0.000272822375801951,0.00039195011125592316,0.0010336829170398687,0.0009758031049855731,5.365689489944536e-05,-0.0011948020350871502,-0.002264234355564554,-0.002848250746367853,-0.0029447539962035307,-0.002848709934610838,-0.0027206950026226195,-0.0026033555311499867,-0.0024832214062797675,-0.0021851991327537235,-0.0016893288989905386,-0.0011526078980139687,-0.0006748394065780872,-0.00017837964438882636,0.00046404466380600695,0.0013103429452598903,0.0022957100664910968,0.003098987511052087,0.003406331217092884,0.003361813938340674,0.0031019307122903683,0.002446360225505373,0.0013833891809866827,0.00023479751476429556,-0.0005772932687442278,-0.0008537098805661003,-0.0007317272898710314,-0.000576407088725972,-0.0005731095598093816,-0.0007143926006314416,-0.0010220370105784582,-0.0014264984748990628,-0.0018667558610019341,-0.002504743301656731,-0.003386969149588026,-0.0043593932907981525,-0.005342673414787669,-0.0062194587258090905,-0.0066152869848679074,-0.006402364416402406,-0.005860614660235797,-0.0052146043039158485,-0.00432039337638912,-0.0031436004910290194,-0.0019032955211883973,-0.0008994957001462467,-0.0004908969897243765,-0.0006397838925309429,-0.0009855199989416974,-0.0013717074143215768,-0.0016785630663207485,-0.0015917602791404306,-0.0011227853091710926,-0.0005619298915071624,-6.434434929314392e-05,0.00021568723196363493,0.0001829285195542596,-0.00010829762780995011,-0.0004437247791422294,-0.0006301353883131355,-0.0005744436593069224,-0.0002436407464667667,0.000321572601880149,0.0010427932961576403,0.0018711205918009455,0.0028126603268674444,0.0038056615636605784,0.0045322519071078204,0.004655238416972907,0.004136591513770327,0.0033068556781756797,0.002701867840571026,0.0024887301108833526,0.0023812212202045657,0.0021545358830366013,0.001772389568444055,0.0012160465967525624,0.0004912298345871591,-0.00033896024875801345,-0.0011801516430764991,-0.0018174425298056462,-0.002026864009962992,-0.001782431646724092,-0.0013520159436453127,-0.0010245707615652577,-0.0006556761245057885,2.3704505372479368e-05,0.001087110179653905,0.0024654733810081098,0.004088983818206771,0.005889657206381571,0.007519640909947611,0.008712971677482528,0.009584649518501465,0.01035414598504758,0.011079575479300274,0.011754091922000498,0.012243996039273952,0.012306682783957967,0.011880425532240224,0.010926128446442362,0.009454734772873508,0.007603015106383282,0.005596425101117575,0.003556238414859081,0.0014417090854479397,-0.0007110192434822693,-0.002928465470120045,-0.0053304445302160275,-0.007924769285239108,-0.010382938064879,-0.012505868340895177,-0.01433369423153863,-0.01586146503029795,-0.016998765062226084,-0.01777886282638974,-0.018226669951104668,-0.018328261575106808,-0.018241866683865737,-0.0180650960857065,-0.017750302561125864,-0.01734774457418098,-0.016768831656577277,-0.015590119417652204,-0.013634615214641599,-0.011312498493509793,-0.009141711387883333,-0.007283699421378742,-0.005687454063263431,-0.004202723946633569,-0.0026576649769793903,-0.0010806819883413255,0.00044895345774342843,0.002021831813081576,0.0037451517442832483,0.005366721733679469,0.006569705668368897,0.007407506608103631,0.008356497716022204,0.009797994415805533,0.011615186146229917,0.013425960787571967,0.014618255050891094,0.01465712351489401,0.013730786285748309,0.01232029944731039,0.010670476058294298,0.008878963342340285,0.007085717790289436,0.005466703978385112,0.003952056459866071,0.002319151759522242,0.0006674802377482081,-0.0005534017688546555,-0.0010437719577538473,-0.0008490712577469139,-0.00020815769941062712,0.0006833889010238181,0.0016390649948405667,0.002373898411178743,0.002658522069154401,0.00245149300859282,0.0019962762554115443,0.00156438018095173,0.0013057549486106268,0.0012029804929980514,0.0010549825457673023,0.0007925365919092542,0.0004967145583734123,0.0001556363232735336,-0.0001729811155426475,-0.00043181663800240244,-0.0006508383276759844,-0.0007519105338360532,-0.0006295638455000585,-0.00022594416615451252,0.0005853088569374165,0.0017810195540590712,0.003153870498096012,0.004206076376078727,0.004465222858129891,0.0038063565632739937,0.0023574924234992523,0.0006104985961208342,-0.0009771485842691163,-0.0022115380637899307,-0.0031310687376162605,-0.003974946150009373,-0.004694223676438014,-0.004899043393180591,-0.004425552369013985,-0.0035302847312124186,-0.002523426356759728,-0.0016310200967595279,-0.0010499947578068713,-0.0006757470694118695
8000.0,55.0,0.002797014175826007,0.0035925045160922764,0.004133387410121259,0.004217452165278246,0.0037700478294766526,0.0027491591225725642,0.0014836040174159848,0.00041248215953970657,-0.00039102909799026975,-0.0008779679760984038,-0.0011727641080483409,-0.001523260850788688,-0.0019673205287062956,-0.0023425577033719946,-0.0023612025668029446,-0.0020855419613496906,-0.0017465655588466689,-0.0014450523000419935,-0.0011857668180681458,-0.0008571026666182036,-0.0003643004786724191,0.00018635487597506994,0.0005171254535696335,0.0005586500706478148,0.00043923692460978714,0.00035314459689850253,0.0004553351307112763,0.0007561297699076874,0.0010659120253109222,0.001228269819186778,0.0012396507154122105,0.0011224529083975199,0.0008025032860459191,0.00029880437013574124,-0.00022183051229252015,-0.000619712225979896,-0.0006527178797455235,-0.0002623893602393679,0.00020842809422827457,0.0004998658154065083,0.000610963502012396,0.00042356823604094984,-0.00012513862168717083,-0.0009212928198110149,-0.0018121099065737667,-0.0025807838088809376,-0.003045917962296585,-0.0031741838046883686,-0.0029978033388999847,-0.002633627982362441,-0.0021595765176130044,-0.0017284039754983382,-0.0015889723981032944,-0.001652002756813431,-0.0015829617616702762,-0.0012067645771551838,-0.00047119907975456954,0.0005684289705598644,0.0016650478773527766,0.0024555379951607392,0.002649473307414496,0.002171727020439107,0.0013581594737743785,0.0006356383197569926,0.00026825197618762786,0.000287032148049704,0.0006211087755225719,0.0010792383653424054,0.0015570646993978698,0.002108788255128502,0.0026695554655731257,0.003050117491909532,0.0031063160932376377,0.002919547936741651,0.002721143976813778,0.0026669411123947384,0.002797846843094476,0.002998599812897851,0.003072034404638657,0.0028286957221013154,0.002258505826802093,0.0015217096471786817,0.0006776664229768414,-0.00023100590884617134,-0.0010161681496256847,-0.0015160629418531357,-0.0018030158477344571,-0.0020889807661461646,-0.002474088267589991,-0.002833121959255891,-0.0029258584444136204,-0.002592645209631428,-0.0017748396086147977,-0.0007579658567458125,0.0001921709041896591,0.0009610275908400467,0.001465090271324243,0.0016310323092127987,0.001451512132710775,0.0010422218643668657,0.0005116237988822547,4.244768425643031e-05,-0.00020086848850908723,-0.00019195579847863797,-0.00011950265776938807,-0.0002063359483273075,-0.0005951230619416492,-0.0012323049247697782,-0.0019113135518722402,-0.002515829766736033,-0.0029245008636991088,-0.0031062863392605777,-0.0030249618365729702,-0.002567617896076513,-0.0017557986176086615,-0.000838370761702123,-8.14958864281401e-05,0.00038614447750440206,0.0006115253303740076,0.0007139603352968038,0.0007173550087280489,0.0006302103283672977,0.0006801437191228388,0.0009787751720224946,0.0012247879377369486,0.0011787983922317835,0.0009315028748346776,0.00035768119022172584,-0.0006761649573583384,-0.001837844654239973,-0.002640614837901012,-0.0029928908240606233,-0.003228864509097207,-0.0037223901738769882,-0.004338147174820506,-0.0044795918086038,-0.00389208310025424,-0.0029275102342296577,-0.0018580832428227723,-0.0005358705146285558,0.0009750396046115384,0.0024123811837029052,0.003733731102073534,0.004883745408079676,0.005875126607435277,0.006783558603729034,0.007725685868820165,0.008842760301774888,0.009930294808668805,0.010422025908951582,0.009979840065454937,0.008811988472245957,0.007489587616760218,0.006535441521293706,0.005875927300280637,0.005116632006973987,0.004069009129636925,0.0027576916306060184,0.001289619744326842,-8.094298148408896e-05,-0.0012058689602412187,-0.0023065549470402402,-0.003614260002393621,-0.005116548518202535,-0.0068001377862003665,-0.008751874780443814,-0.010825156770977173,-0.012589473463719969,-0.013608555171629177,-0.013826098488323169,-0.01360461077126729,-0.013198085291321604,-0.012611615751723093,-0.011729718529807087,-0.010708045117269194,-0.009989242322205882,-0.009601886397092585,-0.009061762895612446,-0.008024373165937959,-0.0065695768824980405,-0.004961995259122887,-0.0034409319837891417,-0.0020213297702298405,-0.0005834360217171763,0.0009633719377788452,0.0026027868749167737,0.004269554487734695,0.006022118359538808,0.007984271022110079,0.009880923634852934,0.011185439241501172,0.011657298237821578,0.011478324957181485,0.011087274209842235,0.010901706204435868,0.011018527423800606,0.011176820358116402,0.011022282642159098,0.01036865793224706,0.009235282760755581,0.007731128626176087,0.006097466087595649,0.004578248002928831,0.0033555220824155185,0.0024577342383480527,0.00160484570077557,0.0005774830058591363,-0.0005015617365877745,-0.0013575812696231537,-0.001827559215072938,-0.0019989918609297774,-0.0019373058712801594,-0.001684590356099136,-0.0014514824897560175,-0.0012267731275272808,-0.0009012263713081836,-0.00039118749906030814,0.00026432675492849,0.0008984897825747851,0.0013220536887459389,0.001323559484234238,0.0009256162503135101,0.00033780747643596953,-0.00032937283456213606,-0.001160255669319099,-0.002198253135077266,-0.0031181754955866836,-0.0034915770275034674,-0.0032856177778484152,-0.0028857580769425795,-0.00255460852471856,-0.002408487187466335,-0.0024947457433199816,-0.0027377649036708362,-0.00305240410725105,-0.003285073990610954,-0.0032454725573671794,-0.0030076425794334227,-0.0027727731222171315,-0.0026365818417417586,-0.002648801622484598,-0.0027778588318483344,-0.0028924158623766516,-0.0029153681690985422
8000.0,50.0,0.0009237147713392346,0.0016077157383165286,0.002030749568504575,0.0018949393165712536,0.001181099773539529,0.00023210018629260531,-0.0004290461597111772,-0.0006032490618146369,-0.0005251210022372277,-0.0004271716591564001,-0.0002197907827961032,0.0001309422570372476,0.00036667760494601964,0.00029672483914389147,2.2493396034661828e-05,-0.0001453086817537752,-6.683082559577613e-05,0.00011685613587886223,0.00022598667381856785,0.0001867284382672807,6.523005052772035e-05,-5.546059098082701e-05,-0.00032140906602862174,-0.0008838285103784926,-0.0015081113025061654,-0.0019089660963089727,-0.0020786907750647288,-0.0021945965045233606,-0.0023345587685241753,-0.0024408739474068852,-0.0024633981521304804,-0.002482028804706715,-0.0025518136492763688,-0.0025364699229868393,-0.0022929438348029407,-0.0019162109676784667,-0.0015179306700474626,-0.001192216991796613,-0.0010248304427307176,-0.0011440717262445332,-0.0015398906594299433,-0.001936101501343046,-0.0021570738528708944,-0.002133730081510521,-0.0017519964368162277,-0.0009418327229226975,0.0002994372805265044,0.0016522716528299952,0.0027776247968347434,0.0034913043567286195,0.003616387411753408,0.00321374993283996,0.0026115551943206583,0.0020913917264664406,0.0018091484976778816,0.0018199634022053601,0.0020656685251196905,0.0023942576810043192,0.002681731059439585,0.0028879141300564015,0.0030100637538055253,0.0031425573254750816,0.003445001173218998,0.0037464698010580832,0.00372374731050229,0.003286661165446958,0.0023613211386219746,0.0009105718401514196,-0.0006770901617159097,-0.0019361747760626713,-0.0026586184365129384,-0.002737303494981802,-0.0022063675331196464,-0.0013822256672568756,-0.0008505194881713862,-0.0008898614067831545,-0.0013205480042799422,-0.0017762181725444748,-0.0019311532373222917,-0.001787853198820244,-0.0016462000651529252,-0.0016315285789048062,-0.0015855712298673552,-0.0015832765098977575,-0.001962316531489705,-0.002697748469060457,-0.00333029803734064,-0.0035865117542499547,-0.003523711766817428,-0.0031733908834041813,-0.002645155205982519,-0.0019993764421855076,-0.0012697306539521946,-0.0006528237395109215,-0.00031108199349816346,-0.000263402244460309,-0.0002780126129309224,-6.303182281675035e-05,0.0004292523281268501,0.0011565943758284902,0.0018947232671706615,0.002281533850734263,0.002094967976873363,0.0014331908992915032,0.0006994316792408029,0.00020959603497239243,7.513153987837029e-05,0.0002206151650252508,0.00035012240329201916,0.000285341777983561,0.00012240548852293642,-4.8807947267137664e-05,-0.00024974627921281467,-0.00041690412233563734,-0.00039180500510660465,-3.095041237188845e-05,0.0006355184711814843,0.0013373374629921386,0.0018234231902169995,0.0020389023802636075,0.0020489041574478506,0.0020547634704826123,0.002156156142518739,0.002143575539292897,0.0019319390531791214,0.0015924470631034637,0.0011058636228966634,0.0004739847403456565,-0.00014996985597814927,-0.0005785859569229501,-0.0007386984912649552,-0.0008184768973684697,-0.0009869659534089692,-0.001244049308013473,-0.0014753865906769192,-0.0015609212811185103,-0.0015601530067854696,-0.001613309263959195,-0.001763394319453937,-0.0018685060165779532,-0.0016938942470900997,-0.0011969614188700461,-0.0004393142793990279,0.00043358885926103596,0.0012308715158226846,0.0019001831219611631,0.0025289614846712993,0.0033202176563662533,0.004384304475024692,0.005378780532083738,0.0058384754808571415,0.005734318797578908,0.0054079141165175315,0.005153630411314225,0.005169057626375206,0.005462310603832066,0.005773944877773829,0.005893590948602423,0.005567195149325244,0.004538516229501965,0.0030379954107928597,0.0016191576968083154,0.0004998005342926604,-0.0005696257909804103,-0.0017845299682406335,-0.00306445846476322,-0.004319304025557358,-0.005801945146544085,-0.007742706920055298,-0.009888062812990484,-0.011764248242229769,-0.013093419681808882,-0.013700775625125061,-0.013438931745213267,-0.012520713355002044,-0.011405293598443222,-0.010589743304478816,-0.010361885571796847,-0.010541035599942461,-0.010693615770662745,-0.01053496667680065,-0.009966492520163683,-0.008915339577697523,-0.007509851407405677,-0.006193516366437279,-0.005294602534178239,-0.004596352631835998,-0.003621113631169237,-0.002293573997391718,-0.0009188512728464104,0.00044712694657889074,0.0019688166652542805,0.0036196015074096977,0.00525618482072332,0.006822363562974942,0.008215797819843829,0.009224226715787154,0.009724912430897348,0.00990913306964103,0.010038489151042995,0.0101496597793016,0.010147519269310123,0.009938474931914243,0.009420926261327622,0.008570752996206465,0.0073987149740162295,0.006026448673424056,0.004694247657255346,0.003559830874522163,0.0027148370218554874,0.001992489284674548,0.0011178495906705166,1.1047463291391502e-05,-0.0011795709964346202,-0.002302249724195349,-0.003268747494900026,-0.00398656441191747,-0.004483898141671716,-0.004795721153527666,-0.004869522562955808,-0.004652447316288999,-0.003946336590843202,-0.002685142330705048,-0.0012214693700940416,-8.767288110778093e-06,0.0007551028136099092,0.001184365272521859,0.0015534883379686448,0.00211434802999122,0.002818037359020309,0.0034279803440284695,0.0037578247180647395,0.0035620530969282527,0.002946852539764677,0.002509449759102722,0.0026157607191379384,0.0030766424963246664,0.00362374086293471,0.003998866127119527,0.003908414925035686,0.003325425046440955,0.0023834638707143085,0.0012124986570327678,-9.820928792425576e-05
8000.0,45.0,-0.0017394143903004533,-0.0018750676566980928,-0.0018046290017892375,-0.001545923500323454,-0.0012035328289528024,-0.0008751250835103974,-0.0005618667753282125,-0.00033244462738224456,-0.00014921593127770194,6.987313505568693e-05,0.0002640382079643899,0.00018583699856744573,-0.0003290100969444154,-0.0010504772607333734,-0.0015639624040275635,-0.001626271672883206,-0.0015240894102319658,-0.0015184263846279578,-0.0015159532518183028,-0.001288943285437938,-0.0008126320172330281,-0.0002562985379483962,1.1806750022103074e-05,-0.0003460256525755767,-0.0012438285956761774,-0.002261165477079885,-0.003009543281251581,-0.0031634181940631834,-0.002666275866758383,-0.0018977239779616184,-0.0012497161083757646,-0.0008370587556427722,-0.000587130399853919,-0.00024098090189994537,0.00033621980199960433,0.0010532977823274337,0.0018113057720370307,0.002552452471604738,0.003343427756874462,0.0041720662480315696,0.004762874095121106,0.004875611914201272,0.004488331040164439,0.003615969301762334,0.0023908830470986686,0.0013532537312954673,0.0008979423871124936,0.0008195091827367662,0.0007441880445213656,0.00037949973719086927,-0.00039225481196503154,-0.001201915567072831,-0.0017857664236231585,-0.0022882495898102206,-0.0026491224769387145,-0.0026939499520040044,-0.002359548778585463,-0.0017851361500120788,-0.001240890390441507,-0.0007666983159460017,-0.0002557673794978399,0.0001732721882641286,0.0003477393650808125,0.00028027985488066065,6.978544131452935e-05,-0.00015695021671202625,-0.00024748511573413623,-0.00016848938910740685,-5.322871657331696e-05,1.2135198228235833e-05,0.0001582270148237086,0.0005382201351267213,0.0010308617293119937,0.0014871992526366284,0.001843316388416838,0.002035405621825248,0.0021855481868726656,0.002450607716752984,0.002750516703287076,0.002914963381783764,0.0028976323562801554,0.0027498421317773136,0.0026943014486136008,0.002830085721328146,0.00295534530181385,0.002717296831988847,0.0019358312730588523,0.0008404849038967654,-0.00019908935611212542,-0.0010992557974986994,-0.0017540698893370177,-0.0021120745152813925,-0.0022951984757213495,-0.0022367645513554635,-0.0018469097362583398,-0.0012604460808418594,-0.0005859773777316946,3.923634681046728e-05,0.0004921422713799473,0.0006819169673377701,0.000705518643506764,0.0007694340720121318,0.0007943931068510324,0.0004828177302407255,-0.00024290897071566064,-0.0011368935792788193,-0.00204569228223761,-0.0030554383467773505,-0.004156265553945104,-0.005131566727101244,-0.005783633127975918,-0.005949331693955173,-0.005742629483052042,-0.005299713112805193,-0.004682969567681994,-0.004081072813022502,-0.0035800395981056,-0.003128342029867781,-0.002564262135962281,-0.0017589935064066253,-0.0008261322181901676,1.7445973485297195e-05,0.0005341661557523025,0.0006135823515940331,0.00033125779896892027,-2.341381082071603e-05,-9.060491940049431e-05,0.00013632071860225636,0.00045068923593127863,0.0005516191392551661,0.00018332869944348573,-0.00043354730916433937,-0.000716794290589462,-0.0004101708139803151,0.0001840640556638462,0.0006133622498794011,0.0005334874209061979,2.512143271182765e-06,-0.00043398873383893033,-0.0003357009670246214,0.00025286528426704535,0.0008206716972658512,0.0008713009203020761,0.000503069308432913,4.391027819128368e-05,-0.0003180881946729386,-0.00043760789436575465,-0.00014702537798338966,0.0006383121253783486,0.0018742067897647985,0.0034011227167951574,0.004879373793897912,0.005984336137743185,0.0067639174261557855,0.00743354400256635,0.00825388379865899,0.009385336063871819,0.010722226662096546,0.011880275430087295,0.012127560289343364,0.011084662077109897,0.009253053434576941,0.007232262344558649,0.005386046719735305,0.0039151748509880235,0.0028409010699448345,0.00210201100969698,0.001464720345012438,0.0007103947985420689,-0.00029047977911922374,-0.0015619591176019298,-0.003109643653687044,-0.004757419347356517,-0.006059469370711668,-0.006869692370514713,-0.007549280311991424,-0.008338210122360579,-0.009120191712952419,-0.009818237778347338,-0.01045677411326551,-0.010934631866632571,-0.011064695826235038,-0.010741652012313807,-0.010031802943899493,-0.00929076104938531,-0.008752168767500734,-0.008369346993220006,-0.007986501238121946,-0.007565091664218926,-0.007083353015246985,-0.006299181176672164,-0.00513578601868403,-0.0036177976170392867,-0.0017635976012897459,0.00024155633049360858,0.0021393327109819893,0.0037845522271595655,0.005258899538063133,0.006468481306143303,0.00719591675135689,0.007610875485397628,0.008050393240921494,0.008418252761543954,0.00854585913145911,0.008411907614913616,0.00797772070626479,0.007325950068803877,0.0065720677788760895,0.005841997552380462,0.005301671990309842,0.005034420436089704,0.004711449008709678,0.003934293335561279,0.0026013713405603767,0.0008894612824050796,-0.0008805600137939962,-0.002384617392436894,-0.0032450924170035478,-0.0033431823975860198,-0.0028942028773570883,-0.002229181061963459,-0.001827716422653225,-0.0020370327646901387,-0.0026654451978913585,-0.0033027010015729275,-0.0036995413399409927,-0.0037979015488076584,-0.0036664764557770013,-0.0033548028799401663,-0.002831552325943676,-0.0020828152536012112,-0.0012162076901134355,-0.0003517218183368698,0.000543820433129838,0.0015671586250931568,0.0026909134920316546,0.0037012397591240642,0.00427697388616366,0.004140190412726952,0.003420465022330177,0.002493879547316169,0.0015770429406813946,0.0007043850502874704,4.7152283163057196e-07
8000.0,40.0,-0.0039003364982193034,-0.0033832945334211217,-0.0026571551625664824,-0.0019221002567348933,-0.001252982162469607,-0.0009089832775366347,-0.0010473798495169717,-0.0016016911130734002,-0.002324758385796599,-0.0027077402542374784,-0.0024145521138052572,-0.0016410476311179423,-0.000882552309011686,-0.00033194094695154774,0.0002442282209802471,0.000991197568467328,0.0017013255249054282,0.002110360552975976,0.00234414176958353,0.002616786565212692,0.0028642426208591587,0.0030253486382747496,0.003167062390119213,0.0032929472482123856,0.003172351936697737,0.0026372719563738656,0.0018399630707932602,0.000955685308667853,2.0041301951323476e-05,-0.0008772506610021935,-0.0015369171491030897,-0.001825585127512852,-0.0018291490544442013,-0.0016731701579786318,-0.0015852705814722867,-0.0017707572075309486,-0.0020959352031724165,-0.0022265109755892354,-0.001800799509510398,-0.0007256180101222753,0.0005992900065088236,0.0017418095854537796,0.002340907467868192,0.002245168495562666,0.0017335224367087676,0.0011508226593903714,0.0006908978944508704,0.0004102714001863461,0.00020852496118717312,-9.666468146762863e-06,-7.609274321751514e-05,0.00031179664405911467,0.0009060118211223767,0.0011641120289951346,0.0009571846648626092,0.00041131728578669424,-0.00032173244624011943,-0.0011151587431257326,-0.0018948220770198532,-0.0024360367056885934,-0.0025992488161818983,-0.002484165095850699,-0.0022920527698033766,-0.0021797796900813182,-0.0022961694767786867,-0.0026431448141295277,-0.0030463125355595366,-0.0032344362743685906,-0.0030973450471094566,-0.002840703450246451,-0.002602673854212867,-0.0021168840014240686,-0.0012795575710100593,-0.0004977783185644569,-5.480911904887087e-05,6.253124754107553e-06,-0.0002288712136477855,-0.0004438286682617587,-0.0003879039867094036,7.07897976348626e-05,0.0008062169265521391,0.001341919686481674,0.001397294502325508,0.0009956868662897023,0.00026061536262389495,-0.0005204570663330799,-0.0007723078288002228,-0.0003223298572496702,0.00042814549128245005,0.0009837809455959245,0.0009393077426977925,0.0004002829179228229,-0.00016742222885834934,-0.0005507377887070675,-0.0006246386741182164,-0.0003316888985693822,0.0001465203791628511,0.0004852218071782488,0.0004995043267896904,0.00026505370120943894,-6.131140300319471e-06,-9.514944387944979e-05,-0.00015741982717365488,-0.0004721579793809383,-0.0009518084098658619,-0.0013689511746406424,-0.0015700930555695436,-0.0014825946026419956,-0.001089841106249878,-0.0004190720548358229,0.0003194722264510119,0.0008760531189366816,0.0011094364316122096,0.0011184928538909844,0.001074540456613704,0.0009629878006123249,0.0007706849047828257,0.0006164507238004546,0.0005776136791091346,0.0007632202647656072,0.001182589470793971,0.0018691894698719125,0.002830091716532479,0.003626977829185307,0.0038773908528355605,0.003480287613655264,0.002599416015769407,0.001603795762861182,0.0006858428269751471,-1.374569815609794e-05,-0.00028180960343071604,0.00010310229753285327,0.0011156291446212663,0.002280489130868091,0.0030406528406246025,0.0031549090007132463,0.0026604340952474104,0.001659772874695875,0.00037417802190020666,-0.0008030690001881169,-0.0014575071149991459,-0.001496934465272659,-0.0012480324551589206,-0.0011073230110625332,-0.0012895733370044127,-0.0017232059112970433,-0.002097660267708079,-0.002161269163636348,-0.0019866757128284007,-0.0019214396740352413,-0.0021095722946284923,-0.002440975421791336,-0.002791159081638739,-0.003037719631393543,-0.003043938656688283,-0.0028300188859020636,-0.0025420350269200753,-0.002168931478863101,-0.0015770480477073079,-0.000823346890665988,5.384159697946478e-06,0.0008984833432812422,0.0017700900745154513,0.0024093913530975897,0.00253218734869165,0.0020428954083939743,0.0011320070436582341,0.00017086841663793706,-0.0005338841035928965,-0.0009543825729707578,-0.0012389610448693134,-0.001348318678928706,-0.0012573627694578704,-0.0012371005331246465,-0.0013210335048086108,-0.001230326729384501,-0.00101681896236272,-0.0010253813353955366,-0.0012405517724189963,-0.0012712396690872652,-0.001169651042687292,-0.001320518916436697,-0.0017390029416475272,-0.0022981720970705055,-0.0029219671127123092,-0.0034592610997918882,-0.003906545753551427,-0.004465838809863953,-0.005046361994942572,-0.005301902472609754,-0.005258377733241559,-0.00517470510885687,-0.00512470954561195,-0.00507503861157943,-0.004933084607472438,-0.00454661730486805,-0.0038035610216979876,-0.0026661712837494633,-0.0014457407493395635,-0.0005880328446394856,-0.00016934592617090516,-4.0482773383532233e-05,-8.784475230561029e-05,-0.0002095489337605727,-0.00021829683893859197,9.373977288840152e-05,0.0007850555761024225,0.0016265535585091584,0.002384674235855755,0.0030799955919036393,0.0036761784727445956,0.004002369990985244,0.003909778278909926,0.003458089370411699,0.0028099742532816663,0.0022227011342579317,0.002025599687982549,0.0021710717668099733,0.002405409649242074,0.0027042443839775387,0.0031366249597652995,0.003572498519233136,0.0037394221052977628,0.0037260536878136463,0.0038329197593611752,0.004000073605681109,0.004091159855335036,0.004081471161043737,0.003927162151029506,0.0036032972161592625,0.0032520799386759336,0.0031553730739375396,0.003336168674650253,0.003567788731118071,0.0035924123675812325,0.0032684861484000294,0.002733645088071057,0.002228596640563296,0.0018629084941323981,0.0016518701961842908,0.0016247309053696313,0.0018284013192371162,0.002099357798712731,0.0021604522615348287
8000.0,35.0,0.001237070668125284,0.0015038011946799656,0.0015363230687626128,0.0013054470837658982,0.0008494960845872868,0.00022112481290470498,-0.000478441675166863,-0.0009891744090495536,-0.0011337976113523496,-0.0008801033790639679,-0.00027163185589706984,0.0005494153465512852,0.0015893596438942836,0.0027585833617393973,0.003766543077432516,0.004362003203084441,0.004440699807872761,0.004056813107666812,0.003371561696496883,0.0026691826526814566,0.0019485986157974367,0.0011197216487346395,0.00035634520334504316,-0.000185018403375814,-0.00039349426494972306,-0.0002626495410051888,-0.0001636977081664881,-0.000530629762351964,-0.0011914077502339637,-0.0017414161224138525,-0.0020986419269064527,-0.002324628711747323,-0.0026358006888216323,-0.0031235665165496584,-0.0036726399699205103,-0.0041118051186117555,-0.004324433255931126,-0.004438484690894029,-0.004581556023453004,-0.004612836779216423,-0.004417480159446541,-0.00395993771107328,-0.003255298697268927,-0.002623625539044383,-0.002451499225841758,-0.002762523765298397,-0.0031951115087025528,-0.003494924571967317,-0.0036303064998577383,-0.003454567742977588,-0.0027588882289819594,-0.0016209323883131788,-0.00027275656733216636,0.001018000905794736,0.0019438985976449885,0.002212907856957713,0.001922900505491043,0.0014811949444748507,0.0011208162176146175,0.0008901491210799861,0.0007348807673501767,0.0006431636334625068,0.000692554569248216,0.0008973491394392852,0.0011911702735289964,0.0014249404989286063,0.001437908569990043,0.001159331519673401,0.000629553409403627,5.2358228863624845e-05,-0.0004016633692316418,-0.0004747449655617686,-2.575937033122422e-05,0.0006928035922726394,0.0014224479372160204,0.002139440402615378,0.002792467146406352,0.0032976248398597363,0.0035739535775292097,0.0036644589584966525,0.003637889545160533,0.003344437615737661,0.0026981434864126186,0.0017445950240002617,0.0004919427643024221,-0.0009502759690249718,-0.002285254430134387,-0.003139286608444536,-0.003290896888330508,-0.0027485813625105493,-0.001762373913472004,-0.0007283159075832657,9.64132038094867e-05,0.0007492755305094079,0.001244789382681688,0.0013892030858997373,0.001121315373886489,0.0006266279717337397,0.00017557034992510268,-0.0001453525494410357,-0.0004619386817505955,-0.0008272378337892405,-0.0012111740499420875,-0.0016327105223368221,-0.0021377384307186276,-0.002542839272479114,-0.0024756239280776526,-0.001873260435658608,-0.0011612861783305561,-0.0007417680913945901,-0.0006528373952541244,-0.000717358616952879,-0.0006462649304594947,-0.00033710670366282613,0.00020984645965338444,0.000773991759572823,0.0009429564906682231,0.0007125853240808055,0.0003106943868846912,-0.00014888308641491932,-0.0006627132176362238,-0.0012369061330730347,-0.0015961102439732144,-0.0014177417018146343,-0.000774430575223306,-5.0517371535940825e-05,0.0005560557014838707,0.0011033934876891749,0.0014756288413408924,0.0013076313365445458,0.000587159432186013,-0.00023361140799593727,-0.0006453692580343784,-0.0004754320825917091,7.99426410486026e-06,0.0003333207598821275,0.0001898000506761477,-0.0004811702702944842,-0.0014477892218422994,-0.0022298434210199503,-0.002581908020715673,-0.0024835031808834174,-0.002016204314614356,-0.0014333020326162682,-0.0010183320853229816,-0.0009352970620213341,-0.0011678998879105507,-0.0017250091355336394,-0.0024305781831657214,-0.0027761168919226975,-0.0024371564766312304,-0.001603638999370105,-0.0006934098850663872,7.579901289966884e-05,0.000587855319977848,0.0008832112818879523,0.0012058321008368011,0.0017172222532835235,0.0022916557540497706,0.002606327820231513,0.0024929829312014817,0.002111894659151403,0.0018382880773160082,0.0017663938089995668,0.0016844505790203357,0.0014084235999689554,0.0010177538811717568,0.0008546009455656645,0.00104902131425888,0.0014035231865605624,0.0015081161874874738,0.0011324567950055098,0.0005065550756633286,0.00010535947114753696,-4.6757285543375104e-06,0.00010690416607506137,0.0005726105700709638,0.0013385910158092429,0.0019038484122546606,0.001796290116651278,0.0011577254710459783,0.0004515687823669623,-4.141625237208402e-05,-0.0002552283662193844,-9.486623292476182e-05,0.0003253166902528193,0.0007379678534924494,0.0010016804052881412,0.0010248724091610484,0.0008102375437246678,0.00048638632010877814,-8.437418125284424e-05,-0.001156763573817443,-0.002419901390382506,-0.0033402423049722074,-0.003786736701982818,-0.0038804599533648343,-0.003736933873454973,-0.0033973188706681867,-0.002832588164025651,-0.0018346825170212355,-0.00040296729841848844,0.0010984726461771288,0.002166757662180885,0.0026342210635021956,0.002874433580046798,0.003193348696584053,0.00353918139239795,0.00369547681344784,0.003581976049105151,0.003206401810729176,0.002684076072512198,0.0021285768703194208,0.001702888607901798,0.0015981357348593406,0.0016781883660499375,0.0016549853709690865,0.0015158142518956197,0.0014894335764736866,0.0016410918179943224,0.001808479588305545,0.002027744194776915,0.0024106265872347876,0.002816351818424323,0.0030501270398275437,0.0029246565169671612,0.0024548916233158025,0.001731755849831984,0.0008774318493998123,0.0002412562372100524,-2.4924126998393525e-05,-0.00024004762066986984,-0.0007625252096410406,-0.001762234691504716,-0.0029938771461957003,-0.00391059540305605,-0.0041854124610551935,-0.003800459058567185,-0.0029333009354814976,-0.0018866475048895381,-0.001056265963583769,-0.0006625265336346331,-0.0006008341046914722,-0.0006910929051251458
8000.0,30.0,-0.0004998627067820394,-0.000531754584809363,-0.0008181110788818557,-0.0013926060304925159,-0.002033638146770045,-0.0026312323431199047,-0.00319178772301143,-0.0036326583963131043,-0.003869546016943559,-0.004110582985106248,-0.004610945403271671,-0.005317297269158416,-0.005888174392509882,-0.006026247501011994,-0.005715805606598678,-0.0050342969792893655,-0.004182458379631271,-0.003410211002474739,-0.0027695801207983095,-0.0023539787896709186,-0.0021682309281345624,-0.001864928655948006,-0.0013415992761167672,-0.0006264156970914314,0.00028933205831194186,0.0012206989863372542,0.0018735188955787407,0.0020473138739873775,0.0018122829903433058,0.0013855812053265026,0.0012897017898083618,0.0019404411411017009,0.003108892032699373,0.004302852296689252,0.005164854766093185,0.0055262572296044254,0.005254035873036855,0.004285506172152509,0.003010585558627099,0.0020126103006390395,0.0014382971480486617,0.0011354766016324902,0.0010093067492888963,0.0010943268513585735,0.001381811221001783,0.0017259630391563974,0.001897088264257718,0.0018572028359642445,0.0017701521359825279,0.0018187853445539304,0.0020256833987986056,0.0023006816451953682,0.002548543154290428,0.002524007891580027,0.0020736219408235,0.0013579100066607452,0.0006365422078324912,8.503715787089305e-05,-0.0002660406339671795,-0.0003823394378876799,-0.00038920433542699584,-0.000523082410719411,-0.0008764441394859546,-0.0014322685260026446,-0.002134109111651128,-0.002914270602616398,-0.003636711154442196,-0.004252806995452829,-0.00462238247678215,-0.004471098158376208,-0.003891090560870225,-0.003221376720929925,-0.002920293784569594,-0.0031770799324704058,-0.0035199279047049004,-0.003471141152289192,-0.003051224828354293,-0.002434252133198811,-0.0017438738231234652,-0.0011015268697178726,-0.0004675825837630043,0.0002804165510905676,0.000914480047242705,0.0011563361379529624,0.0011136231936603735,0.001170164964925391,0.001546728856105517,0.0021281987283572334,0.0026101087957641766,0.002682447597379678,0.0022309052383207018,0.001559809614803953,0.0010805024652782436,0.0008145866758901832,0.0005639460565198817,0.00032852712217312785,0.00020646195864060246,0.00020657164867543543,0.00032114569337160503,0.0004555752719515027,0.0006305040378684623,0.0009999014949357843,0.001518465575500727,0.002124424192118113,0.002758540063041437,0.003311582119636114,0.0037281053799631536,0.00395010602005641,0.004093030359086924,0.004222449501156689,0.004283945198579886,0.004160274347242421,0.003661841496693796,0.002831102019484888,0.001973080143713446,0.0013395867748400292,0.0009107773424332777,0.0004959533894677293,7.936010876230526e-05,-0.00015503520689463812,-0.00019408044615865094,-0.00029029351145126725,-0.0007424424963708987,-0.0016554854154193777,-0.002810854438095589,-0.00380239928432502,-0.004449657531324647,-0.0048125357032802185,-0.004947048548586963,-0.004762659155943538,-0.004151454291445589,-0.003309724494471311,-0.0025623312360778527,-0.0020049002458222276,-0.0014722393304467118,-0.001008201300223277,-0.0007927087319892223,-0.0007743219399003465,-0.000834522451143016,-0.0009581861970531236,-0.0011280743006381044,-0.0012381676794959162,-0.0011932440591166937,-0.0008716427579713582,-0.00012776502078537533,0.0009007480872291751,0.0019389161387550757,0.0028876419033707634,0.0038218295195235896,0.00464406246791782,0.0051914783583129065,0.005292982052651496,0.004789324936638195,0.003743810594869501,0.0024090993644421133,0.0011222728302229257,0.00023261415016406772,-0.0001412723965588114,-0.00024240395801733428,-0.0005573413397463867,-0.0013025930334364944,-0.002375279306576772,-0.0034706637563886034,-0.004117291396710243,-0.003907885570697545,-0.0026973443478794934,-0.000876574590691348,0.0008883102586842995,0.002051135705727347,0.002556824973964922,0.002683353983456982,0.002602309034926975,0.0023043855712501227,0.0017079773151351674,0.0010077088052895533,0.0004888432436622736,0.00025294957795019,0.0002698308243509473,0.0002463531045826528,-2.7676721591624043e-06,-0.00022640868346801568,-0.00028829810760910846,-0.00017666446083808296,0.0001801069710039016,0.0008223872693946532,0.0015284074006416404,0.0020742287887287603,0.0023749107125325963,0.002411556065951004,0.0021006620887220606,0.0012643210922647086,4.929631702843551e-05,-0.0011988178227895219,-0.0022424007095622756,-0.0030640292525419,-0.003787734570437351,-0.004350204640957145,-0.004509472795177771,-0.004300543920976452,-0.0038369476484945153,-0.0030912534754179433,-0.0022092498941361782,-0.0012105977331700046,-0.00017557347242735943,0.000744266648311509,0.001624141043876648,0.002400899035137627,0.002919112285226788,0.0030526607908143433,0.002805008003647913,0.0023046733410581055,0.0015713913503745403,0.0007206202301546227,-0.0001371117802628774,-0.0009158123703834065,-0.0014742341791773583,-0.0018297815485013302,-0.0020570967151911645,-0.0021746127121247127,-0.002160401635364906,-0.002068430537960353,-0.0018473991225675945,-0.0015006355047475495,-0.0011225984586360482,-0.0006592370538349712,-0.00015206226555708469,0.00019441306897682864,0.00023576823826587656,0.00013487916339371964,0.0002578841029610146,0.0006888987713615791,0.00124510957100199,0.0017102436133953347,0.0019325105959921984,0.0019257284655793683,0.0017952879183269488,0.0017098036320106758,0.0018208017316112546,0.00199688110491536,0.0020128885225290105,0.0019529466932510786,0.002011296018622488,0.002171255619742851,0.0020026043046073028
8000.0,25.0,-0.0038424405879311507,-0.003446839924592382,-0.002924610109644732,-0.0024014483734902115,-0.0018744015228833177,-0.0014417477212091967,-0.0014048240348785157,-0.0017278737329817773,-0.002075571714499347,-0.0021046735465546362,-0.0015517163109990406,-0.0004883867199545477,0.0006161300358797916,0.0012482286315673718,0.001252927206429888,0.0006809836583521189,-0.00013457582270781643,-0.0005766629396219969,-0.0004714902357427775,-0.00015958037669072667,3.969742590204106e-05,-5.9791359363625673e-05,-0.0004571543976705783,-0.000849856685025685,-0.0010767571279046706,-0.0011873034777565294,-0.0011783580777802172,-0.0008215857993931763,-0.00016724381601829208,0.00030667224315550357,0.0003059707764929698,-6.288786158492599e-05,-0.0004939518238877838,-0.0008232526882423485,-0.0009622841412593175,-0.0009805369849402723,-0.001014452188918824,-0.0010035857700430029,-0.0009668744693769327,-0.0009750680263209688,-0.0009012836588162543,-0.0006514422890013805,-0.0002856785363825054,9.123306971003942e-05,0.000488414864108222,0.0007367526033696947,0.0006198871416174256,0.0004324720304094143,0.0005027597227424963,0.0008063307799233144,0.0011528027421547904,0.00146909773235393,0.0017939022489699141,0.0021505015546097184,0.0025206137177491428,0.0027619537767975544,0.0027769380128717103,0.0027783888523202904,0.003092113232128213,0.0036908489597919925,0.004247544538316106,0.0043799515125897415,0.003891653221899105,0.0030109630344554716,0.002041802948937743,0.0010780772941032524,0.0002976509871910338,-0.00012418202577357818,-0.00020457023575115585,-8.283814606491191e-05,0.00017764383020146823,0.0004906217099254206,0.0006255977402780388,0.0004577178636111512,6.17964221460987e-05,-0.00027084637310714754,-0.0002520839370578898,0.00013991550973369016,0.0006833624222046808,0.0010669600758461684,0.0009586278437723195,0.0002839408153043621,-0.0006113320405454203,-0.0013060708070611327,-0.0016575848471589438,-0.0018189384443090262,-0.0019247849980530418,-0.002096816720253969,-0.0023404294058337882,-0.002538810939256564,-0.0025676456516521284,-0.002386397524034578,-0.002109336705302667,-0.0018782055910548934,-0.0016149542814147821,-0.001154429662975076,-0.0003888441235666562,0.0005756815579793795,0.0015402951136778142,0.002372690488527951,0.0029104798571211177,0.003098958201164237,0.0031360389840529024,0.0031318359017262765,0.0029643882903940266,0.0025144857307424218,0.0018268641044372202,0.0012855224662544629,0.0011369990504661587,0.0012394898440959423,0.0012644149061102894,0.0009743678086593377,0.0004537593634168502,4.521526555945066e-05,9.291691721591278e-05,0.00047712600537153094,0.0007349062469685919,0.0007667804169386727,0.0007182004990724522,0.0005924666313106286,0.0003609529064529937,9.45389044826328e-05,-0.00020291229807511968,-0.0006888432046991966,-0.00135258659827997,-0.001985516417946087,-0.0023210637856152516,-0.0022590471715489002,-0.002098596851851653,-0.0020185551008466973,-0.0018584460637072198,-0.0014697517647377367,-0.0009720023674830713,-0.0007979567562266254,-0.0012838085039490466,-0.0020753057050626467,-0.0025781570212046745,-0.0027043147721173,-0.002543582677816403,-0.0021053507825996576,-0.0012882702682404101,-0.00022926613385543249,0.0006655511697317706,0.0010535223804453153,0.0008004163998265312,9.917650901913877e-06,-0.0009332355999092101,-0.0015163197364387315,-0.0015319323587448253,-0.0012100896951139362,-0.0008097921222471882,-0.0006067167324097511,-0.0007737128160378859,-0.0011375508313093974,-0.0014590886276977244,-0.0017833808874101464,-0.002162370282832171,-0.002449505487334136,-0.002412544830576735,-0.0020264361300093015,-0.0014422568694882898,-0.0008424193564948723,-0.00035987288149463836,-3.109154600444697e-05,0.00015767769034891188,0.0002765480622279881,0.0003575075790962501,0.0005911336420361124,0.0011465189908577145,0.0018512477106824576,0.0023566770757099675,0.002617198235910223,0.0026541484565711926,0.0023564727946734365,0.001857320075515645,0.001467628907292351,0.0011450214110197976,0.0007518371480941255,0.0006546881370361746,0.0009866486516685313,0.001325173526467438,0.0013938031839799692,0.0013327478010083382,0.0012522278769466766,0.0011829907053950706,0.0012626343304233956,0.0014105507872841372,0.001496090251684734,0.001499869894949768,0.0013596174186503163,0.0009682943336031258,0.00028550656283599096,-0.0004851202217714956,-0.0009385633381597813,-0.0010292401375622262,-0.0009668765788006795,-0.0008805895457264512,-0.0008744755475298405,-0.0008808820894934399,-0.0007954660263820301,-0.0006919859685261542,-0.00060271404533907,-0.000458947185810743,-0.00041215625357082786,-0.000669964861366168,-0.0012006888816529226,-0.0018707062565681554,-0.0023510386970571062,-0.0024412369903359377,-0.002046545821698942,-0.0010942043937589574,0.0001278097350176921,0.0012497110013498514,0.0019829358155476484,0.002097275020318534,0.0016166064042977268,0.0008709298837672463,0.00014605160136849094,-0.0003586324293092247,-0.0004806461340045587,-0.00028675603558347973,0.0001074721700522474,0.0005857612728199513,0.000992109505659755,0.0012833667462075482,0.0014391945413194662,0.00136662603456017,0.0009674103740309192,0.00041462619448928706,0.00013872866744257806,0.0002398621301580306,0.0005191792551428875,0.000805160493833057,0.0009289883862173554,0.000916762332714427,0.0008793059058653796,0.0006627383641877316,0.00019818673091531736,-0.0003070272924787787,-0.0005899832289379958,-0.0005636203725956079,-0.00042771963748577946,-0.00036158681604447906,-0.0003184899011188236
8000.0,20.0,-0.002602332349610492,-0.0020248240861775457,-0.001453708486920391,-0.001007038785694192,-0.0006690007436915835,-0.00036764741251360533,-0.000136532105066145,-0.00011248518783091299,-0.00032855698717249027,-0.0006877933222959598,-0.0010516519877157293,-0.001195559318212247,-0.0011386126486101489,-0.0009998599725946633,-0.0006253069173567383,-2.8202213134265186e-05,0.0005793695523337306,0.001008244043809725,0.001058850229718189,0.0007495255527345535,0.0003848836249709109,7.20926165986846e-05,-0.0002906704599237031,-0.0006126895657487808,-0.0006868617341559968,-0.0004339134052067095,0.00015210618875549642,0.0009384686361357808,0.0016586918505367976,0.0021750548029331185,0.002459709547153466,0.0026064541636117156,0.002782551744573425,0.00304414093932337,0.003150028238252389,0.0027925550760699025,0.002072452653933965,0.0014206789078485826,0.0012180108033277293,0.0014189165398192927,0.0017274928154620284,0.0019045776067372344,0.0018845740523687482,0.0017407668639890517,0.0014700750616825076,0.0010931348048970335,0.0008310896415508751,0.0008584732369421033,0.0011250141929153301,0.001520335746185708,0.001837444751906503,0.0018499600740184974,0.0016751188214314539,0.0015094000493931503,0.0013168430790244656,0.0009811933487924307,0.00047062831409760975,-0.00011096159407975037,-0.000618116446915451,-0.0009711764725750527,-0.001160345930451001,-0.001265032190111981,-0.0014084746702280881,-0.0014039689411049494,-0.001050714293349131,-0.0005126535862487458,-9.295382519258766e-05,4.419140747780048e-05,-0.00011977363545412345,-0.00042686207346598337,-0.0005717674111949123,-0.00032576932817995896,8.958105091050328e-05,0.00024029844780670828,-3.5920433836579557e-07,-0.00046998044345158974,-0.0009747531670711851,-0.001291812989911989,-0.0013557371891792513,-0.0013116394637080475,-0.0012324558040788247,-0.0011682820266756266,-0.0011234512209412628,-0.001049482167836402,-0.0008784547533835507,-0.0007155313563877996,-0.000702219060677578,-0.0008216048952291999,-0.001064055732413749,-0.001355217160714517,-0.0014684348181859264,-0.0012196368359695953,-0.0005690858340123839,0.00022185105141847572,0.0007036385363257125,0.0007611148378217081,0.0006359592297222605,0.0006069380553697101,0.0006952864395337599,0.0006672167818244645,0.0003807389958865315,-0.00018105923704769822,-0.0009557501456924911,-0.0018151454783676968,-0.00256134735643343,-0.002862153847260629,-0.002708437030207733,-0.0023935187165591287,-0.0020510455556177476,-0.001739433042047267,-0.0012374815616666979,-0.00044459061432355895,0.0003178819985016901,0.0007405374091717931,0.0006476949532263632,9.444404286407249e-05,-0.0006710505484619489,-0.0012304763874482205,-0.001166229779414607,-0.0005512278966612882,0.0003252609293014075,0.0012621098610665626,0.0020806496525693774,0.002757906347738981,0.0032696194640635667,0.003564567085945214,0.003548804361486191,0.0031277485046388165,0.002510015306711466,0.0019088945979461869,0.0014715023644029657,0.0012940171156827773,0.0012295239271153946,0.0011163260316138235,0.0009413257950896536,0.000837749536408694,0.0008235923609767326,0.0007572314997261742,0.0006690153431243573,0.000633512131642533,0.0005112549827934743,0.0002530104181719395,-9.962691782661182e-05,-0.00038184991280054703,-0.0004079028503856108,-0.00029245317278991934,-0.00022657113685209396,-0.00039777151017439394,-0.000894370189019611,-0.0015271919284742808,-0.002113973884831921,-0.002599758630594806,-0.002731599169081278,-0.002332050996756152,-0.0015755073912160356,-0.0006540851194003494,0.0002725298597905379,0.000928486620921376,0.001163838025952657,0.0012104457436379334,0.0012585221753624865,0.0012412111338733212,0.0010696825647471542,0.0008425109498944039,0.000680155542998051,0.0005435278893628492,0.0003705593054625922,0.00019451391886082803,0.00016924682488816956,0.00043601547372595917,0.0007927070666546854,0.0008289546826745209,0.00038457759199417296,-0.00035106556550701384,-0.001162601570570132,-0.0018202971352465624,-0.002151403499794924,-0.0021883586054372017,-0.0020545172230157505,-0.0017877717084502365,-0.0013201952864250188,-0.0008634572501442506,-0.000765708718653002,-0.001001974392345062,-0.001281425965338201,-0.001448372421997135,-0.0014669750969531492,-0.0013653068675623103,-0.0012446894626094718,-0.0010591126864412104,-0.0008328914224975392,-0.0006980542810453017,-0.0006234496252588428,-0.00027434240990054093,0.00037842579070357374,0.00093657548383419,0.0012570828822333624,0.0013440779600415453,0.0011044420933359334,0.000594714943957797,8.691505848368308e-06,-0.0006284731068895155,-0.001178376063393216,-0.0013408816279536495,-0.0010329056499003286,-0.0005670984237760024,-0.0003652008417898145,-0.000450626674863841,-0.0006280948539050257,-0.0007027708415208167,-0.0005668553959559119,-0.00029257143929761753,-1.2664147508445467e-05,0.0001231682256186417,0.00015033542466458272,0.00037457670298834955,0.0008473273194198327,0.001248348424631729,0.0013308668611600183,0.001285329509492783,0.0013259046083291537,0.001325521359341053,0.0012284936401485425,0.0011108325370656758,0.0009949892021410278,0.0008609832846673271,0.0008216823332851675,0.0009418665847249486,0.0010823200113918574,0.0011364746921316282,0.0011445701053602875,0.000982747661026906,0.00048515580441943484,-0.0002577629498734524,-0.0009208367401924988,-0.0012455902975716526,-0.001208205091529635,-0.0010494586311082799,-0.0010266304473205423,-0.0013147577471173122,-0.00182677573068446,-0.0023219792755213575,-0.002654593878048672,-0.0026701567623632627
4000.0,70.0,0.004460765978819836,0.004452347823757918,0.004228720928978191,0.0038222887077665746,0.003198262543691044,0.0022865001003680163,0.001253719350557958,0.0002918982833222117,-0.0005448764772708614,-0.0011247162090555207,-0.0014039495122020185,-0.0015548512477536747,-0.0017951908848345965,-0.002226040907160609,-0.002602504212134704,-0.002719926506244974,-0.002612086325015639,-0.0023716810737539618,-0.0022789861109373533,-0.0024211177507282855,-0.0024164317213859476,-0.0020669244094051464,-0.0018381419719659675,-0.0020447572524062707,-0.0023747062094514604,-0.0025110293844221587,-0.002289237244212927,-0.0017827668230552263,-0.0014633529943353096,-0.0016411479952793684,-0.0020979964432399356,-0.0024025088585233334,-0.002371561613756512,-0.0020674417733346218,-0.0017901520266150328,-0.001739729471594842,-0.0016227098553756036,-0.00112924991579888,-0.000298185615088542,0.0005523299040355312,0.0010527749783051377,0.001055920795245413,0.0008077809532380797,0.0007133449941854053,0.0009063993999802733,0.0011976085678711001,0.0014549734750346488,0.0015990833102108581,0.0015181185197832292,0.0012843883734348083,0.0010573302233751747,0.0008251823668814495,0.0005394111268763879,0.00032877808808784437,0.00024329308012660533,0.00020899085240166926,0.0002808315802127481,0.0005044650253083205,0.0008414047791838186,0.0013580077062869123,0.001988404108033137,0.0024999526893054735,0.0029291431502542764,0.0033841489610608733,0.0037847058820261736,0.003973752438213296,0.004045675794372983,0.004367899375523621,0.005286124871162201,0.006491436721489663,0.007488050179915717,0.00807487143816843,0.008021308062211574,0.007305951399416699,0.006194418311622485,0.004898006444875591,0.003678096271997333,0.002634995999173384,0.0016228466348522375,0.0005119191737179563,-0.0007297244475346076,-0.0019385819616246636,-0.0029833302495063663,-0.0037481551196094642,-0.0041084611268615845,-0.004360736660657949,-0.0048223869342223225,-0.005352874143937925,-0.005691813687036529,-0.005766481070423879,-0.005734849484184679,-0.00559560930923908,-0.005277057013586273,-0.004867096503602397,-0.0044172407953624315,-0.0038335534746636313,-0.0032172937647345634,-0.002758433703675678,-0.0025484350185678295,-0.0027606210650787943,-0.003374748924755977,-0.004073753778754963,-0.004508763140620431,-0.004432594291614578,-0.0036068339426265084,-0.0021379342740601714,-0.0006247179440421746,0.0005273895209434443,0.0014755745514349883,0.0024640520734919846,0.0032926863458015987,0.003530135961327119,0.0031164193448063315,0.002387644304491232,0.0018015773317614503,0.0015249580487264325,0.0015199145275701653,0.0017413714914482625,0.001955509976170333,0.002087389594507272,0.0023537649607163758,0.002705914159406575,0.0026831366017887603,0.0019342287771451083,0.000539712885494481,-0.0010642879910705005,-0.0024286579414223297,-0.003454395880453376,-0.004242239448615237,-0.00488918328045429,-0.005472192476929649,-0.005911406031344768,-0.006060302926158556,-0.005749294373913472,-0.004973776501770999,-0.004045399570884456,-0.0033587206349494636,-0.002979980706641072,-0.0026708675271436277,-0.0022310207015152628,-0.0016182085671445634,-0.000756482043673401,0.0005639032574222824,0.002218571548695536,0.003708179541206391,0.004684643339913919,0.0050049213662362035,0.004815927656665053,0.004760775773604564,0.00537773647835138,0.006488549253447218,0.00752482698374024,0.008243794979989616,0.00877019079581487,0.009177692383843805,0.009375004772493867,0.009231430730949342,0.008603397105844124,0.007549979308407728,0.006343105596329224,0.005085385001990517,0.003701498441088802,0.0020367663111642287,0.00016689247206436164,-0.0016371917155311166,-0.0033005922439599544,-0.0047593058383199605,-0.005857124563135585,-0.006556764908793866,-0.006805527252851107,-0.0067666512393316225,-0.006831271548435325,-0.007156303993838264,-0.007522884537536356,-0.0077434600953552035,-0.007706169924404094,-0.0074110744208155666,-0.007008713609479855,-0.006539127461735461,-0.005935972158255254,-0.005066210118087611,-0.0038668526158858185,-0.002521631792262724,-0.0013939956966524392,-0.0007265481549723063,-0.00027522314982597607,0.0004759124760944644,0.0016864976082331395,0.0029703541848391524,0.004079228066444784,0.005110349032833028,0.006006263486568741,0.006701492694105582,0.007285352765507014,0.007884284336512337,0.0085308453634525,0.008951258401168616,0.008920961747094225,0.008593405986800917,0.008415385721605162,0.00860062510099624,0.008916142490988932,0.009015224122777,0.008675789864298622,0.008100605519700821,0.007418208713971808,0.0065654925940350495,0.005574280592668401,0.004582061396973813,0.0035731009262462976,0.0024815782762033223,0.001298733343091385,-9.895445574059636e-06,-0.0013663304931910147,-0.002461486570126681,-0.0033060389981187654,-0.00415995105029765,-0.005044273443388647,-0.005806568115218624,-0.006299142540910907,-0.0064415250911054045,-0.0063631699909194595,-0.0061968927766997695,-0.005855524953801705,-0.005230802901934339,-0.004357164851143125,-0.0035321361391282835,-0.0030916726956320417,-0.002982072588864071,-0.0029417062119563298,-0.002727665204815821,-0.0022102650820698955,-0.0015137554543187548,-0.0009502919562365264,-0.0007088939990573806,-0.0008985501231961734,-0.0014770342726677654,-0.0022006394484463954,-0.0028843862853733526,-0.0035224207994843937,-0.004128589026208829,-0.004733771152842792,-0.005396222135800599,-0.006024725607289838
4000.0,65.0,-0.002563843803926602,-0.0022504311747439942,-0.001816738648408034,-0.0013229323192476272,-0.0009560372493666591,-0.0008226511694076066,-0.0009215400664785989,-0.0012143391847629914,-0.0015202813452575015,-0.0017188694911851599,-0.0017635286564399166,-0.0016590127049909142,-0.0015700011291031046,-0.0015874062064824557,-0.0016547616610296245,-0.001504857682910199,-0.0009119796029466443,3.501889056511942e-05,0.000915589992711574,0.0014319126995232523,0.0017226923221258517,0.0019120616201462326,0.0020301003100797743,0.0021915202985667293,0.0023944024540867304,0.0024156676659004006,0.002135174925754768,0.0016327567076146465,0.0011894957241409543,0.0010584568777005643,0.0012253296155506632,0.0014436737361123164,0.0013737989634776682,0.0009816581991728413,0.00048418863363153264,0.00013125334152874757,0.00017093167159476508,0.0003948271432019368,0.0004170693512772772,0.00012953207950694434,-0.00016359656684894475,-0.00014387918634284347,0.0001207456773455462,0.0005476404885129682,0.0010259126881351222,0.0012923373482465195,0.0012296834661640332,0.0008532142214967564,0.0002847054814125727,-0.00018426174475116852,-0.00043494952084444094,-0.00045473003140727997,-0.00018803365808839345,0.00031782868004093245,0.0009834889569404481,0.001597379450934966,0.001919675085559902,0.00193456428654315,0.0018439096916011977,0.0016881971376392357,0.0014750709542710183,0.001336231902904217,0.0013329123360605877,0.0015648421447522765,0.0021352264401031107,0.002985786506926047,0.003988182228908954,0.004841422818202545,0.005187416274310408,0.005039701544973241,0.004839844525150738,0.004886421933747442,0.0051075073059791976,0.0052254831572895455,0.0050386921301992516,0.004544824960817095,0.0038571532634534833,0.0031137750156062793,0.002434396684236617,0.0017333505741845556,0.0008572161314113202,-0.0002621133865510217,-0.001570059304789595,-0.002856179737165121,-0.0038920986433765847,-0.004555258392713313,-0.00494605068013243,-0.005208312447990693,-0.005411309622616045,-0.0055135953580531805,-0.005323917307009651,-0.004665737129982972,-0.003671505988123158,-0.0026403115249706843,-0.002021787182115986,-0.0020669457256872192,-0.002465285975361553,-0.0029038631499389567,-0.003212099475291552,-0.003358319178303759,-0.003473528575881346,-0.0037297880339792755,-0.0043519650105849905,-0.005291137750162989,-0.006148342723832911,-0.0065071592558751945,-0.006260616025599575,-0.005636652478102633,-0.004926445917874389,-0.004200078951299702,-0.0033777032282245045,-0.0024151403099637037,-0.0015296760524918795,-0.0009125303845891608,-0.00040014982993774595,0.0002361694728669761,0.000985807213638168,0.0017755619197146189,0.002651895592009623,0.003567424577965994,0.004432495703809991,0.005132655189754587,0.005455469853643535,0.0053412136935548915,0.004730968505839428,0.0036293050786895265,0.002243981223060132,0.0006619159109710893,-0.0009148628521415958,-0.00207621342340758,-0.0026541422393222547,-0.002749266370116743,-0.0024681907628831823,-0.0018808690160909691,-0.0011054369641883,-0.00029457203343241645,0.0002839266044496469,0.00033474084615292554,-0.000248385090273473,-0.0011009629874436655,-0.001670051874569367,-0.0016425059090607874,-0.0009800334987986048,0.00012041580232935445,0.0013684019473103604,0.0025845303674998377,0.0035666143372026227,0.004279320897637717,0.0048710644406924075,0.005351416199061987,0.005617569520666166,0.005753047815915124,0.006071739999669035,0.006617344450177143,0.0071371735188563434,0.007577111382772728,0.007930353262963763,0.008028788300862288,0.0077985591317997205,0.007338805119161407,0.006732384871810382,0.005949828185691786,0.004896937522147482,0.003640777901381398,0.0023078663424769275,0.0009649382404219864,-0.0003989852614960654,-0.001858092790740784,-0.0034216753874716233,-0.004967727118554421,-0.0063159673047152864,-0.007222845432863778,-0.007664260337492124,-0.007880996300002607,-0.00804347521921045,-0.008329333667234096,-0.008851008814758643,-0.009503145825817683,-0.010192326094227155,-0.010821209706080026,-0.011125926846489165,-0.0108381108532285,-0.009956822921708408,-0.008845024268566704,-0.007892604791948088,-0.0072428276709501915,-0.00675368605485005,-0.0062196781058787565,-0.005511329170815316,-0.004474315584701571,-0.003070447895936468,-0.0014084853283691245,0.00023160282025536105,0.0014826555538860475,0.0022648516395662455,0.0028102880023084253,0.00337589467491739,0.004120482177683016,0.005116420176420888,0.006213416448019871,0.007192619833062963,0.007969711113275935,0.008529501549503493,0.00876817551898057,0.008710297372260811,0.008692523145725772,0.008819215580047057,0.009027465885935726,0.009278075197016733,0.009309338189211758,0.00892260487717067,0.00811461919880685,0.006952019848682767,0.005555548465707716,0.004011172727302892,0.002360200701545523,0.0006121390616620204,-0.0011635495900108594,-0.002748629546189818,-0.003968050332758821,-0.0047884265441666685,-0.005234539024456808,-0.005491216814590416,-0.005666622282518574,-0.005609901876368895,-0.0052673811978820595,-0.004733283986979586,-0.004106095463640713,-0.003533461523375081,-0.003099100753800599,-0.0028646256478026544,-0.0027116906498036997,-0.002406807642074682,-0.0019198407308351761,-0.001304298447024621,-0.000764665497587913,-0.0004775929651756883,-0.00043907924518471475,-0.0004603868952735013,-0.00037064254443386346,-0.0002991278613695414,-0.0002438490798173376,-0.00010608523087762833,1.7862846618532657e-05
4000.0,60.0,-0.0006032797594812678,-0.0005810952830032079,-0.00044917086716722565,-0.00017563439591583574,0.0002510832097790683,0.0008652696892319511,0.001565927276736545,0.001789052905820654,0.001149551565049478,8.064800910423386e-05,-0.0008565244624669788,-0.0014151833038766881,-0.001647743497201759,-0.001621018874686797,-0.0012942436011798009,-0.0007150700587210679,-9.893342221845014e-06,0.0005979350348184198,0.0008850684629635452,0.0008928188743873022,0.0007669360702067252,0.0004511737927703763,-8.396870698756942e-05,-0.0005298695371358519,-0.0004878957793330585,6.585876288767167e-05,0.0009151849278410396,0.0018649826127870028,0.002599700454908316,0.0027972946181620273,0.0024020470057450893,0.0015935759378749026,0.0005692860072237238,-0.0005244447653929285,-0.0014439709428160086,-0.0019529797778972124,-0.0020007597800741905,-0.0017810507513260632,-0.00155264368029151,-0.0014817338467310037,-0.0015833925282038308,-0.0015922866358764054,-0.0011326106719167228,-0.0002872862781000407,0.0004765989825017414,0.0009074287432575545,0.0009079008100876251,0.0004888796589774813,3.998254158310566e-05,-8.475883883640734e-05,0.00014220943866938285,0.00035611913418165386,7.122136908011001e-05,-0.0006961137777317106,-0.001686453088289852,-0.0027388629142421905,-0.003759709432671343,-0.004607168868631106,-0.005023368832013375,-0.004847351853243254,-0.0041582040033461,-0.0032969869057097867,-0.0025678823512009785,-0.002097803042389046,-0.0018449557437349995,-0.0016915655542959485,-0.0015117966878364086,-0.0012275690464136346,-0.001017487982757359,-0.0009793252875311964,-0.0008336049628354658,-0.0003318861296897069,0.0005483457576893613,0.0015186040203118978,0.0022360677753852087,0.00254441978597697,0.0026341859804546175,0.002757527095553769,0.0029139581858572683,0.0031550597689999904,0.003510806090289975,0.0037374441319570906,0.003642971924122662,0.0032065714528073386,0.0025983983853450354,0.0019011350271824767,0.0009217858143450997,-0.0002805882748369015,-0.0012694603146456984,-0.0017370380689385456,-0.0015744910930592937,-0.0009411725843122554,-0.00022085824835649248,0.0003254254365980813,0.0006558827925218225,0.0010023892826893643,0.001553126405262617,0.002323736758569339,0.0031137601386177494,0.003713828578000289,0.0040595851125146964,0.003945204607447295,0.0034179399310829695,0.0028111519778661886,0.002322677161714637,0.001943198268961055,0.0015883560022800225,0.0011220370188524953,0.00035314284829723874,-0.0007564581738783716,-0.0020547485934940823,-0.0031077473927609844,-0.003317639496458469,-0.0026144841847042244,-0.0015585255308536716,-0.0006349518688608669,-0.00010423533564063447,-9.745150519879786e-05,-0.0004806667286416655,-0.0008947141361126398,-0.0008732257694710199,-0.00010390800719850546,0.0013874318360862503,0.003215170796266875,0.00481691531106776,0.0057068842984620005,0.005634428479339704,0.004727304769858165,0.003453497932071059,0.002161108625386987,0.0010166467667716006,9.372649184546944e-05,-0.0007965366699558274,-0.0018571053583826824,-0.002963338685546546,-0.003840090467832624,-0.004350963145327569,-0.004629495897745528,-0.004903669914568809,-0.005203964814626261,-0.0052469473210692286,-0.004739718395541104,-0.0037518534945490956,-0.0026115389850644988,-0.0015449946877410525,-0.0008431804698894041,-0.0008200886636444693,-0.0012989801456697592,-0.0018443203630980065,-0.002174582514058443,-0.0021153327978140624,-0.0014677230542048392,-0.0003644075319275686,0.0009102786302506161,0.0022753843254008643,0.003787418378919938,0.005351892706784156,0.006541866603981816,0.00696755853013542,0.0066714354041153,0.005937209390793896,0.0050939927831450404,0.0043863579435310385,0.0037238561123587033,0.0029225224462692267,0.001880970268430815,0.0005401528113679888,-0.0009805761758130416,-0.002347514627132341,-0.0031253337695602568,-0.003291189543119799,-0.003424315275779577,-0.0038321674722396892,-0.004282970866853475,-0.0044989252323546225,-0.0044689634215444585,-0.00437699299027372,-0.004367578743114109,-0.004338879922016758,-0.004102249651083412,-0.003682426585882581,-0.003192051512002081,-0.002720853986559746,-0.0023379707059234534,-0.0020409496315210163,-0.0016553959314435929,-0.0010970825359279957,-0.0004050033364233485,0.00039089129155733815,0.0012048165798361765,0.0018857724271015286,0.0023378456948108806,0.002695490941562184,0.0031724753934980754,0.0037502476679662777,0.0041513752435662354,0.004186889057677945,0.003982848717498655,0.003716919882990055,0.0034873441911997816,0.003486990030054926,0.003776154056112091,0.004096516903473457,0.004191454294755204,0.003985554997143481,0.003496361200561182,0.002816251232218292,0.0020445292125970127,0.0012427849860330298,0.0004759284077948678,-9.172287235292842e-05,-0.0005128161784107022,-0.0009112134380373504,-0.0012217926670388124,-0.0013620103933575933,-0.0013482911453976953,-0.0013664552822589826,-0.0016527714752356815,-0.0020807320311178046,-0.0021082571244335213,-0.0014032750517145587,-0.00017688214781763634,0.001172476116195753,0.002069706628304857,0.001993984533044113,0.0008961350550507063,-0.0008432913256584129,-0.002527437592547699,-0.003525019831585041,-0.0035081342275589122,-0.0025391493352344696,-0.0011937612010015641,-0.0003049370755903169,-0.0001363740509408018,-0.0004040825452023,-0.0008724557187811399,-0.0015014038901028925,-0.0021396227012360214,-0.0025188615637716794,-0.0024130206721650893,-0.0018198792473000935,-0.001072385624745209,-0.00048027148924489893,-8.071256857311582e-05
4000.0,55.0,-2.503370948037098e-05,0.00020412060930397047,0.000389387883048542,0.0007013341574158005,0.0009140807555318986,0.0007834120574479186,0.0003795630476588485,-7.435362742169715e-05,-0.0003784144941842982,-0.0004159483035781619,1.4268380747750609e-05,0.0009255765598403798,0.002060438708539891,0.0031169971048683465,0.0037261367324958883,0.0037355163406971315,0.003266733994422566,0.002571293400421837,0.0019293540098885842,0.0015121431884423941,0.001276699079788557,0.0011597600657609064,0.0012176335495439616,0.001405083827066278,0.0016043097961215835,0.0018081818264903404,0.0019509680537765917,0.001841555685722085,0.001233035562542284,-1.617997229252932e-05,-0.0015548181631075408,-0.002758068884389786,-0.003321628971875157,-0.0033703226876014014,-0.00321688875537518,-0.0031015627843800075,-0.003145194771292381,-0.0033357541173728578,-0.0036177472129139687,-0.003990233032880042,-0.0043240855340798134,-0.0044038297453141695,-0.004147267418375122,-0.0036607599174232064,-0.0032150277995413035,-0.0028673539098633682,-0.00255829646356176,-0.0023719921582454617,-0.0022860282555825506,-0.002143559996170552,-0.0019316959143367285,-0.0018324505246525291,-0.001969288732084351,-0.0021350723411472927,-0.0020744557183149936,-0.001683202910385262,-0.0011151812806531325,-0.00073092426555732,-0.0005580269024640927,-0.00034498950918226967,-1.3591142100644049e-05,0.0002732706283481434,0.0003845419260795069,0.0004711682710656362,0.0008124720896063309,0.0013917875740787622,0.0019652970362216138,0.0024217994276654053,0.002692177147878283,0.002777640784046298,0.00280596501589514,0.002920267139217003,0.0032484785972286545,0.0037023344390263446,0.003926910352447521,0.0037082203974136974,0.003161662931461251,0.002571490798075615,0.0021132953165192703,0.0017813053254656097,0.001565641394307704,0.001534194660202104,0.00160255042569446,0.0014472215648098086,0.0009933451838861629,0.0005603551511690341,0.00025129906489063103,-7.216707786916743e-05,-0.0003923728841837004,-0.000535424315994959,-0.00039352229808109485,-5.9921907713533784e-05,0.00037862843416114345,0.0009543817958146406,0.0015280526843852726,0.0018945831570249538,0.0019677923734917613,0.001791282899787916,0.0013404866106014879,0.0005027276928082358,-0.00048636433769289056,-0.000992286142142973,-0.0006727241541604201,0.0002576276414423262,0.001418300921152138,0.0024365547357518835,0.0029415474500638084,0.0026350366333360853,0.0015184263846279578,9.233115660922664e-05,-0.0010113302417735781,-0.0015313033063790726,-0.0015328773805833862,-0.001257127180132045,-0.0008381780269850481,-0.0001299847035562962,0.0008097493231495889,0.0015824554999710472,0.0017840198207608182,0.0013003007559575508,0.0004994006874703416,-9.908287385007597e-05,-0.00018905284282499935,7.233465215694679e-05,0.00031309624337616526,0.0004753025750758866,0.0005693449045551802,0.000553301293670927,0.00041697817421137984,-1.0162261657176153e-05,-0.0007303218585441584,-0.0015140958486981049,-0.0021555206508594438,-0.0025284185856122576,-0.0027759483600675594,-0.0033082518946514483,-0.004455113611356865,-0.005961000137943984,-0.007041163652132809,-0.007228991627528103,-0.0065465131093844775,-0.005303704142534116,-0.004013650301004645,-0.0030982572063464886,-0.0026464692659544653,-0.0025819844040597673,-0.0026454061163860842,-0.0024439446022483935,-0.0018594020767537245,-0.0010224199264996514,-4.9689707209976675e-05,0.001020564077691688,0.002052824132903197,0.0027731967833233284,0.003226689582191966,0.0036302618688921484,0.003992125297003213,0.004258239982846135,0.0044125996190302885,0.004414502541294496,0.004317842527967741,0.004136629705442374,0.00390985288589718,0.003834647710476702,0.003907415724313523,0.0038966758708625093,0.0036407377113079065,0.0031304618897110004,0.002539853438676687,0.002015371647345887,0.0016225331078700833,0.0013359411354940676,0.0010689279461573165,0.0007521763767392997,0.0003670268533539911,-4.0045137345012805e-05,-0.0005475104813967846,-0.0013352774441699466,-0.0023848498731382506,-0.0035042118096129116,-0.004271929032739763,-0.0044337884474998646,-0.004079673043833054,-0.003467196751927304,-0.002946039190376837,-0.002485530226081778,-0.0019371302339976637,-0.0013725059977431897,-0.0009999960859374823,-0.0009330396455453638,-0.0010832729158138932,-0.0012499851154146313,-0.0012531375936930544,-0.0008894971981199262,-0.00011982803638233008,0.0007291616754834251,0.001346036615501589,0.0017566672561031282,0.0022520654230362425,0.002847569957609153,0.0031320730453643364,0.002830317535895688,0.002183459191229531,0.0015226881977525863,0.0011478245021123712,0.001226692969424903,0.001517082459656649,0.0017210727287775285,0.0016971491989536958,0.0015144570042480154,0.0013795464770538501,0.0013506058493817363,0.0012339320676346688,0.0008155482955629623,0.00018069182261548633,-0.00040003172996350145,-0.0007317562666919741,-0.0007281127367697593,-0.0004837977241045621,-0.0001688204992467135,6.868389190728408e-05,9.121361305153286e-05,-0.0002909840701725841,-0.0011427587764956115,-0.0021540345063186805,-0.002868645987419427,-0.0030300491005164076,-0.002870962356738005,-0.0027554940551510754,-0.00285865575655464,-0.0028672646479321884,-0.0023664297188474848,-0.0014070844489566525,-0.0004308785273021698,0.0002662747522474973,0.0006350947545641361,0.0006756683545994235,0.0004595342717461648,0.00012743243960056105,-0.00012014042538588399,-0.00010290209656593774,9.00698196582006e-05,0.000129430938189401,-0.00011484007494955151
4000.0,50.0,0.0027950259884335082,0.002178258462492977,0.0014712625562296466,0.0009077266716062127,0.0006530684326655489,0.0008410342977605012,0.0014367868006459616,0.0022123645138094616,0.0028957483078073665,0.0033913067909452366,0.0038269472035779017,0.004230570116448007,0.004456709667977066,0.004525003038935438,0.004647551676839612,0.004883037973968385,0.005019815674245365,0.0048409574127106225,0.004311583090554905,0.0033953966305233507,0.0020536050637787184,0.0005625149235299887,-0.0006467925084407966,-0.0013790769637367362,-0.0017467736146414836,-0.0018517141153751027,-0.0017545180863720589,-0.0014856351704395365,-0.0011954924827861646,-0.0011706040581316302,-0.0015272495490492588,-0.00215043716167429,-0.0028404154583938634,-0.0032976947839102877,-0.003380414836939849,-0.0032561524587748636,-0.003010375726475445,-0.0026920634610405614,-0.002435887047624874,-0.002263215614917158,-0.0020416368595732592,-0.0015092332938948516,-0.0005828729721102377,0.0004815678966707537,0.001373759550560294,0.0019050889754623768,0.0019589498911898318,0.0016819801107459398,0.0013688246092158352,0.0011452596648808822,0.000897426633006404,0.0005676868419790537,0.0002864015136161413,-0.00014672417447680886,-0.0009058636618597404,-0.001674419602970545,-0.0021716035636387687,-0.0022176098735116057,-0.0017150589837200414,-0.0007687287473245874,0.00022167494229119455,0.0008049685362720993,0.0008070622503630887,0.00032681229944486745,-0.00038718053763098226,-0.0011658405352221735,-0.001915440028810167,-0.002614624072805327,-0.0031774116671101638,-0.003245130608675595,-0.002673019805499166,-0.0017073689129176728,-0.0006617650871731939,0.0002775303042934496,0.001121577053453393,0.0018182478855877093,0.0021416304285537535,0.002042902513821332,0.0017579808719858647,0.0016003013358911744,0.0016473890029899962,0.0015731022040554876,0.0011631847707249676,0.0006206621327997652,0.00016816406600561606,-0.00014674723936014544,-0.0003598164266538362,-0.000528026289359218,-0.0005238749989366909,-0.000274446965153885,5.526053573068346e-05,0.00031813307543870906,0.0004117926277746875,0.0003470145004680347,0.00010380213355531964,-0.0003946057092196753,-0.0009109749066205097,-0.0011649825548687431,-0.0012448270192422228,-0.001370630609009993,-0.0014107112145111955,-0.0012318459585713981,-0.0009960904323591535,-0.0007013470360028862,-0.00018937947043884407,0.0003545087834400107,0.0005546714754167681,0.00038499575749639803,0.00029146030033899706,0.0006695977106119244,0.0013763932216193098,0.0020647203946566606,0.0026107394024421637,0.0030021021224513333,0.0033052061088056917,0.003438430651314661,0.003271834358997694,0.002772528651107109,0.002101448570712705,0.0013148557798103866,0.0002974842594483107,-0.0007976099225537325,-0.0017724761658399757,-0.0025330686437285976,-0.002780436991756119,-0.0022566761792575107,-0.0011856706727542132,-6.365247912087924e-05,0.0008016844410541069,0.0014319583296895644,0.0019669572637326382,0.002450082359217731,0.002748036909139273,0.0027389421841661488,0.002495804451996264,0.0021701740404722614,0.0017537427066116607,0.0012058307685691716,0.0005497258204201216,-8.609948171089954e-05,-0.000661627308495838,-0.0012815845051861174,-0.0019814485607838606,-0.002594957582147117,-0.002822083677855858,-0.00255890331146702,-0.0019619978974816377,-0.0013318103286863447,-0.0007660866940817357,-0.0002687605138440574,-5.4728731962994104e-05,-0.0003112095858792685,-0.0009660975353043,-0.0016568898475455285,-0.0018853574257349237,-0.001524906312333485,-0.0010116218973621471,-0.0008411701890587153,-0.0010812074568988805,-0.0016089740650926387,-0.0023274175919851814,-0.002853164593474844,-0.0027648330291896173,-0.002131500087543259,-0.0014097091272091689,-0.0009165322945037246,-0.0006724002465929857,-0.0005942946135206739,-0.0005802089919626496,-0.00041573736120348315,0.00010047337961616165,0.0009133170886244102,0.0018036059312720454,0.002497185347394293,0.002752406080830383,0.0026026483190833005,0.0021777228909058977,0.0015464728386760385,0.0010094460822784868,0.0008719250321753691,0.0011189452697735192,0.0013346095339983322,0.001169385588362104,0.0005949014059147828,-0.0002249577746304965,-0.001136497229659028,-0.0017310352040666999,-0.0017376269312308068,-0.0013053383929317874,-0.000692610024888296,-0.00025931909397591824,-0.00013748656380041524,-0.00022815278832855057,-0.00048110337935725056,-0.0007853940275914795,-0.0009095054154251159,-0.000775478348202796,-0.0004502811179474264,-0.0001573324942549803,-0.0002432868073665162,-0.0007176642613515583,-0.0011748995110139049,-0.001248339542847532,-0.00088957491373165,-0.0002496186313205584,0.0004466189362783979,0.0011874959904289994,0.002037491064754704,0.002882374117163522,0.003536650972080224,0.0038784624400989287,0.0040075218699087145,0.004119386609602316,0.004310360957049397,0.0045009391769212925,0.004637262573936596,0.004500712247335059,0.0037913259198774085,0.002558124378992943,0.001110180392061011,-0.00013412813915092414,-0.0009949459034430674,-0.0015905472494637252,-0.001857071385558129,-0.0017814563157969587,-0.0016469233754534685,-0.0015893255600474276,-0.0015269618902635784,-0.0013812906374255363,-0.0012085525913363426,-0.001133275362441566,-0.0013682257549163523,-0.002175915225777203,-0.0034970450979443513,-0.004851484103340908,-0.0056082463117945736,-0.005491440191462971,-0.0047365054101078385,-0.003824903060944962,-0.003184134511613479,-0.002974637647312761,-0.003090585343201724,-0.0034306402163508665,-0.003913274593259075
4000.0,45.0,-0.0002686656175310276,0.00023113148894804425,0.0006834555699164468,0.0010412487538857818,0.0013432840395566359,0.0015932679620078716,0.0017269661256591462,0.0015721937085544369,0.001187180465045401,0.000815574385804041,0.0005081770004800035,0.00031464839067574246,0.0002682719324464955,0.0001769385610250751,4.965842320681091e-05,0.00014554740745964523,0.00038640068922290993,0.00038771966193174023,4.426473770857697e-05,-0.000387503334975392,-0.0005392150614902391,-0.0003395096148661736,6.62782745353141e-05,0.0005383395396130197,0.0009671596856719589,0.001201921340232559,0.0011154459578222031,0.000758131113443028,0.00029217331332098695,-8.614065016843142e-05,-0.00020469081984941795,1.8437740917365275e-05,0.00037366901239899164,0.0005087569809880677,0.0003243773027961083,4.1614423712532655e-05,-0.00018028431525429767,-0.00037594702351206877,-0.000542094313882302,-0.0005369594768822594,-0.0003553960459257155,-0.00013987230818024443,-4.2555157314660974e-05,-0.00018482188002266753,-0.0004058493263681129,-0.0003979482854354899,-0.00010524150301227664,0.0003476653687162212,0.0007392086387447705,0.0009094190955849513,0.0007932086099060598,0.0003304238826995487,-0.00042221376395090715,-0.0011570652214132338,-0.0015004444353650115,-0.0014048862073678947,-0.0009670897416214075,-0.0004137020725991647,-2.6073828859884962e-05,0.00019903928505371482,0.00042578868209020015,0.0007124521528290018,0.0009824820956794156,0.001007471550629191,0.0007852993810786302,0.0006499343840893346,0.0006495936566430771,0.0006949584241411344,0.0006397324336937515,0.00023467705556612373,-0.0004937740771815413,-0.0011290088863802339,-0.0012151656347825224,-0.0008628398551202565,-0.00045079637245315496,-8.571798826295662e-05,0.0003151820748836798,0.0007998315898483099,0.0012843012209273752,0.0016160471849602231,0.0016362952104387318,0.001220160084081101,0.000437978237011194,-0.00030086744207125093,-0.0006236270944093292,-0.0005648876366670663,-0.00041302533615450443,-0.00043047498898829417,-0.0005967879523893771,-0.0007996254769437883,-0.0010948679740607759,-0.001629005930148253,-0.0023298281082162475,-0.0030165756559341617,-0.0036324532270981535,-0.004150913834877201,-0.004382608498332274,-0.004242263429432569,-0.0038012628600370135,-0.003024856365385631,-0.00203889438665783,-0.0011389985621335086,-0.0006114800332746029,-0.0006467206214999521,-0.0009727386673930027,-0.0009163124148336976,-0.00034213720745412957,0.00033178057523564064,0.0008667659368022385,0.0012780823066549374,0.0016278810521797027,0.0017939738583550024,0.0015991443724772125,0.0010981890952166395,0.0004038532008809881,-0.0002843089097481766,-0.0007294395087953376,-0.0008782404803397981,-0.0008664443051920045,-0.000703305969018686,-0.00027310004258040976,0.00038501352106479203,0.0009819652868614526,0.0013268244281050556,0.0013310877955419187,0.000954709311606905,0.000507500930169158,0.0003444415308528903,0.0004789703633711895,0.0007147931690987264,0.0008758915259754474,0.0010436717046147237,0.001428473339615266,0.00198669281026298,0.0026443804923559355,0.003238477708222831,0.003391038561062487,0.002963516543275091,0.002081833150313628,0.0010474660028236826,0.00010991684645800248,-0.0007583741967742696,-0.0016409994474386735,-0.0024106650009514397,-0.002833687062775425,-0.0028137610019740578,-0.002548247390876668,-0.0022973665192438375,-0.0021281356676894347,-0.0021271031602765333,-0.0022353254802709444,-0.002239709973039794,-0.002185973624335702,-0.0022145689726471574,-0.00233999486454195,-0.0024155162314798417,-0.002253106368144131,-0.0019206516377323624,-0.0015082881610339882,-0.001127397064593083,-0.0010681614481811152,-0.0013425199840710889,-0.0015780133866272195,-0.001594602672128076,-0.0015689758381398633,-0.001583578823627363,-0.0015782339879422125,-0.0016741982244994347,-0.0018405913460028955,-0.0017124274220847724,-0.0010014010731751455,0.00012275593042065935,0.0013484726668622216,0.002520974762276751,0.0035543739063115254,0.00446534631493023,0.00522493603938301,0.005481811005125792,0.005082351428598031,0.0042501095975922,0.003398940684462559,0.002913701946383185,0.0027447331074625936,0.0026604181080358558,0.0027016411330293977,0.002882605043552644,0.0030056521715948747,0.003021820127457886,0.0030091891201067256,0.002882415639504643,0.002543182775482933,0.001970876795098775,0.0011540145505861688,0.000307753489359186,-0.0003369175494150056,-0.000897670271449158,-0.0015257437535609597,-0.0021422195128906196,-0.0024269577458824187,-0.0022208290761938088,-0.0017150609821214857,-0.0010492706703502108,-0.0004791233521039828,-0.00027123067680712154,-0.00037521707962895334,-0.0004702628841890544,-0.00022859479587022946,0.00021485384305020006,0.00037377384520809187,8.763630793273691e-05,-0.0003105207202480642,-0.0005458040686079357,-0.0005436915917478302,-0.00028285776498826465,0.0001679609645810487,0.0006529544127609199,0.0009383767096693418,0.0007797688605926112,0.0001585387099378721,-0.0005857507812123686,-0.0011554714962613843,-0.0014248624502499752,-0.0013888286076735312,-0.0011023878476734694,-0.0008229926184988301,-0.0007875489149711257,-0.0010257614757591682,-0.001601559551644982,-0.0022920711995055854,-0.0027482844888737645,-0.0028670328333646466,-0.0026482374071434833,-0.002301147716821106,-0.002003301968755977,-0.0016495720345233167,-0.0009541302192772605,0.00023848090169309444,0.0014700719530580386,0.0022507535835103454,0.00256376120333357,0.0026937427843876094,0.002803734133749458,0.002705353940868349,0.002102455765040645
4000.0,40.0,-8.836178316817822e-05,7.349944958212618e-05,0.0003202775267219238,0.0005240203826417655,0.0006694649834493305,0.0008989970434747363,0.0011658946030834727,0.0011881188255458142,0.0008533942996713506,0.0002449263292181314,-0.0004389739960419803,-0.0008796576245195808,-0.0009260304745239978,-0.0006224391557729803,-6.763729853975775e-05,0.000435322916603198,0.00042414183276662243,-0.00019647616866791395,-0.0011640969299619996,-0.0020050667792759214,-0.00234488117811793,-0.0020799948430294535,-0.0013503174134399387,-0.0005938932678972719,-7.492795273122965e-05,0.0002752488237334205,0.0005639956834890825,0.0007863326656476488,0.0007805621149437059,0.0005013458537206361,0.00013243306451471426,-9.101298881208919e-05,-3.5521252605974496e-05,0.000168494648788986,0.0002611054150669645,9.587666077726098e-05,-0.0003609155752037907,-0.0010569788377878808,-0.0017352068670817289,-0.002060552173333008,-0.0019104953175030914,-0.0013583109081949374,-0.0005938688985018814,0.00017382772998786322,0.0008406548235306843,0.0014128974656912874,0.0018732644324614967,0.002314469060848978,0.0027767921295662745,0.003125223413391609,0.003265815839981201,0.0032562328389218465,0.0031747819928540366,0.0030582456567174177,0.002950155675307542,0.002977043722651729,0.003127892389542808,0.003341472876172702,0.0034368488055491753,0.0031777500630880695,0.002578768532046638,0.001888955436513129,0.0011306845459913006,0.00014978882023619633,-0.0009992798810642967,-0.0021171007169584755,-0.003038426843460229,-0.0036801233171956937,-0.004052010282862284,-0.004190592317598885,-0.0042516834497519085,-0.004297785238804863,-0.004276279330639454,-0.0041293124475316745,-0.0037888354675885694,-0.0032489360091148,-0.0026650044393505823,-0.002268872645316833,-0.0020016805990508146,-0.0016608057151756839,-0.001216982181695414,-0.000788964282794069,-0.0004399269282195917,-0.0001841563984639194,-0.0001027095283823165,-4.536929165688264e-05,0.0003457116815042127,0.0010808959283181707,0.001917933589723475,0.0025491726507453905,0.002702700063750285,0.0024874149406883816,0.0022988362324838363,0.002342281257838863,0.0026076067971558814,0.0028479800739944494,0.002988197467246323,0.0032024694007759535,0.0034629217271486823,0.003561190453638119,0.0032981188891056945,0.002897754480812864,0.0026727762225675633,0.002617165373308694,0.0025947024528960583,0.0024595114833658727,0.0022720310077772865,0.0021333763644548753,0.001982602970684866,0.0017370478389011623,0.0013078150784551212,0.0005705267924760449,-0.0003694357042505203,-0.0013735658166424969,-0.0024679953636308483,-0.003570304274447267,-0.004530577246697476,-0.005236348687986947,-0.005489390275670303,-0.005295150540263194,-0.00496947949457649,-0.004838009548535638,-0.005211552522865759,-0.005957000670520074,-0.006386027706639652,-0.00606355010646098,-0.005282965620523328,-0.004528483366073033,-0.004116545326837695,-0.004107146622800428,-0.004227478811458241,-0.004032701284018003,-0.0034005096516409594,-0.0025470601183741337,-0.001641923486062069,-0.0008667417339403016,-0.0002532147269640461,0.00033021302359159677,0.001025674767340945,0.0017891990111706946,0.0024614870142158907,0.0028937807705631258,0.0030687659080541607,0.0030348799029411566,0.002887865946377133,0.0027799726964872207,0.002635754725588413,0.0024181230351416616,0.002174701085877473,0.001987519038237906,0.0019234029924319884,0.0018897301501397124,0.0018555588177093796,0.00185124782170476,0.001854978282089803,0.0018259208589554987,0.0016046312056872125,0.0011595167048739086,0.000659818866211026,0.0003677100568477698,0.0004726795621579072,0.00089904544919861,0.0013129667353339869,0.0015179771883921944,0.0014639122136728133,0.0010577075881812448,0.0002713898827888528,-0.0007713817917753829,-0.0017153702902561463,-0.0023206117027996243,-0.002524054742991666,-0.002324291648037047,-0.0019931309935827812,-0.001896676815604792,-0.002198706550160523,-0.002689519940091145,-0.0029258671041532125,-0.0027144775316401137,-0.0020322237226366724,-0.0009335522355158332,0.0003085209865361094,0.0013776084717420645,0.0021714325892929764,0.0026848072653962163,0.002887660555117577,0.0029226476794264045,0.0028597766377203016,0.002738743676289346,0.0027190343310223852,0.0028937698903774844,0.003167213602495167,0.0033616269767833273,0.003280015148376947,0.0027376405586920782,0.0016560152138467288,0.0003512336810285177,-0.0005987204065860396,-0.0009979334025800313,-0.001159833673547439,-0.0015084135052134684,-0.002134505239226314,-0.0028347317826415974,-0.0031556968149715203,-0.0027556590342925347,-0.0019880246338033203,-0.0013889035477276934,-0.0011849891068393958,-0.001378428593490355,-0.0016362370347522415,-0.0015485698279249505,-0.0012327346921026106,-0.0009813337920050458,-0.0008370179549466172,-0.0007146578329120246,-0.0005564865235285765,-0.00036349320775563854,-9.804584227834923e-05,0.00027141203173819406,0.0007154776215934078,0.0009978926573950275,0.0009575561454866488,0.000607770000993213,2.207488705718852e-05,-0.0005936277025497816,-0.0010452888554723927,-0.0012511993663366638,-0.001194401133552958,-0.0009765432906760907,-0.0006471139735175768,-0.00011633730784277319,0.0004251199392513172,0.0006118362483320539,0.0003811471416259593,1.6575976702348783e-05,-0.00020725382521291635,-0.00017436427302008894,0.00018056148243239534,0.000873369099263499,0.0017623440484726416,0.002643701035864865,0.003321110275678052,0.00357762486302704,0.0033478069205727934,0.002903005835719341
4000.0,35.0,-0.0010053556875888603,-0.0013011642874261042,-0.0009740488415843629,-0.0002186247155533394,0.0006190630230662464,0.0011851664094564285,0.0013114385133405904,0.0010817456930212188,0.0006068691660310321,-2.5343916201792105e-05,-0.0007488877296069063,-0.0013606464843718413,-0.0016655413714872225,-0.0016118604229120592,-0.0012610507083010702,-0.0008987185995401603,-0.0006839706578887217,-0.0007248950883997907,-0.0012230003676449996,-0.002023543332896338,-0.0027352369258437648,-0.0031162232794201827,-0.003206756415963241,-0.003128344916447645,-0.0029016276048565715,-0.002552559053015102,-0.0021779129610877135,-0.0019974337739370185,-0.0021141974837490807,-0.002384057840032483,-0.0026133732955457845,-0.002627855044678995,-0.0023484991729105786,-0.0020358665864250725,-0.0019155657060565545,-0.0018735470952435662,-0.0019164008158156776,-0.0019491033231844312,-0.0018768109288913593,-0.0018009171931510082,-0.0016516963352586345,-0.0012863407006236116,-0.0007498516252368859,-4.556023960877731e-05,0.0008315251265322843,0.0015691994370570228,0.0018531218781703274,0.0017873391655598425,0.001680334427156538,0.0017246869488118932,0.0019263945993941434,0.0020298098757365324,0.0017776105032396572,0.001295071272444659,0.0010160713381779374,0.001150764483703881,0.0016081684872659707,0.002307731783446343,0.003105494528199415,0.0037081759884927123,0.003892203892519319,0.0036574538953004776,0.00317761528201288,0.002700295320678947,0.002370045049104874,0.0019406425355583679,0.0012788098358029742,0.0007548440761340203,0.0007500839394047887,0.0012332286303262663,0.0018835131232464164,0.0024238520079933323,0.0028011530872618096,0.002958330691527067,0.0029085973629605633,0.002468132809241297,0.001562728946247205,0.0005421826321239109,-0.00019343629475976343,-0.0005374136691216336,-0.0006833913435144723,-0.000734574068239624,-0.0006846455069542401,-0.0005509773748357816,-0.0002736662563229686,9.24669438240322e-05,0.0002930054254779435,0.000143733427937498,-0.0003514178115171518,-0.0010846925579954814,-0.0019395007821998433,-0.0027400917090858457,-0.00305626923768898,-0.002546721056262413,-0.001363194668257961,-2.0247293425201818e-05,0.0009115785348789984,0.0011617492523541273,0.0010388041538078596,0.001023382156795094,0.0011669458732654903,0.0012570933183297939,0.0011615454154068061,0.0007093845511008112,-0.00015622728111175377,-0.0011432988999970917,-0.0018996073603005925,-0.0022889705686424122,-0.00233815855565922,-0.002139395327560578,-0.0018535851742385034,-0.0016529895230377178,-0.0016649696066295405,-0.0018950812030738007,-0.0021998953769752916,-0.00244476949795569,-0.002424397571587633,-0.002005464683207947,-0.0013526625375348544,-0.0007015273917332365,-0.0002506505836219475,-0.00016691116544453877,-0.00037661102014752146,-0.0005202999697750954,-0.0004887106275219821,-0.00047401926828172236,-0.0004886317461760825,-0.0004345894477619794,-0.00026215576931498674,9.025981351218348e-05,0.0006353397807856709,0.0013022178890764735,0.0019033479237151596,0.002380480035313326,0.0027925231016467933,0.0030623776847704676,0.00301511482447836,0.002664516829398167,0.00211446571363183,0.0015376667716893166,0.001091625567717358,0.0008290967357105217,0.0008433701514931613,0.0010961107577145413,0.001285607953427359,0.001253215753393988,0.0011382764730782924,0.0011114587028515643,0.001194522591951852,0.0012642236146831465,0.0011859301318750681,0.000994550442001696,0.0008082727265268375,0.0004504914774550173,-0.00026052904278373035,-0.0010845436770878791,-0.0018590408101815115,-0.002488261596766961,-0.0028268589691293755,-0.0028588740264012813,-0.00252956700030893,-0.0018650745392534418,-0.0011599248228577608,-0.0006713058997576127,-0.000549971235219715,-0.0008202560297654315,-0.001280058725683375,-0.0015970358369088444,-0.001490439216489392,-0.000834416813422223,0.0002464584369921141,0.0012826731898840649,0.001844038699516659,0.0019443047172273964,0.0017963637244378106,0.0015839127787131702,0.0013863306058681246,0.001277427608137316,0.0013468256510051901,0.0014606116316429052,0.0013709514634641096,0.0010764502622606642,0.0008309384846860723,0.0006908117966553107,0.0005438072769869962,0.000289271606668251,-0.00017549056652299555,-0.000797686139364373,-0.001318989362175671,-0.0015289632893100702,-0.0014726490027427985,-0.0010668522731904773,-0.0002720555170032668,0.0006772597482829212,0.0014330234776593898,0.0018080071884085669,0.0018397720014107222,0.0015199014269384747,0.000987880222069748,0.0006412130826305429,0.0005844363326623636,0.0005823705406804436,0.0005455066953707899,0.0004396074615442558,9.438409775963663e-05,-0.0004116109397767076,-0.0008267818096818758,-0.0011104287489516196,-0.0013330303527681053,-0.0014496569500366263,-0.0014684942151177438,-0.0014362510070142775,-0.0012644748581536192,-0.0008956956287775597,-0.0004909120332463601,-0.00036687011761848964,-0.0006569053079275022,-0.0012785992264952029,-0.0021385764270576146,-0.0029853846061911327,-0.0034780582858218168,-0.0033781824004819327,-0.002685442535010907,-0.001751760070334285,-0.0009235739950597122,-0.00032656563564437135,0.0001163522542202422,0.0005742665232233435,0.0011879380812374052,0.0018892538644621482,0.002612018379366532,0.003167246243052091,0.0032752238698918745,0.002975402368932123,0.002464396908763433,0.0019405455020660156,0.0014923160485125209,0.0010683662843291586,0.0007440693616800331,0.0006644438887981607,0.0008381359495324148,0.0011028830071424522,0.0011258076693110297,0.0007348547326202493
16000.0,90.0,-0.0005884403520006742,4.314300999785914e-05,-0.0003856751307207418,-0.0012857230835550126,-0.0021318526943758798,-0.003000959258869784,-0.00364206020897484,-0.0035147686983094673,-0.002739889870539969,-0.001553476125515374,-0.0002990891423415576,0.000293427532271906,-0.0001647957603712058,-0.001383235859186982,-0.002595583303843796,-0.0031602545025322115,-0.002767437612405388,-0.001504971702814828,0.00019865380174177716,0.0016855753459665834,0.0023478006205834845,0.002144874944320918,0.0014002259351997282,0.00064291716395104,0.0005127515079195177,0.0011139543731886192,0.0021084753942801626,0.0031457623173025695,0.004006984966054006,0.0043522021542230505,0.0036200367148353507,0.001902677571052891,0.00018661734657587914,-0.0002946101418377367,0.000912720787837884,0.0029356590491858015,0.004551760746096534,0.00506739761263475,0.004712874979162507,0.004045481283299068,0.003035399487316681,0.0016985013395753867,0.0005774375977374291,0.0001649207992393542,0.0007436656845882794,0.0023021882178397846,0.004347826987327608,0.0061859308786438305,0.007492630516026111,0.008717536914559787,0.010464308530799826,0.012680031247214174,0.014673379844509782,0.015883820481121802,0.01627064349918328,0.016467417651711003,0.01666657922783088,0.016253206780447726,0.014907536538544264,0.01271582039663599,0.009618107199571568,0.005616629827898123,0.0005252351331641592,-0.005686292325890463,-0.01217762690686186,-0.018030931414614315,-0.023212360034108315,-0.02754357453227385,-0.030474350154463536,-0.03190858421930898,-0.032377837300145984,-0.032595114163314065,-0.032665514737573176,-0.031831671520876625,-0.029124374023581368,-0.024578955759579912,-0.018628806941478615,-0.011366073415786104,-0.0030217275348576322,0.005499459554414443,0.012454310471810004,0.016420758086610476,0.017126765783359588,0.015123656993409895,0.011406612543396477,0.006802549190609852,0.0018431712822675195,-0.0034282705563271065,-0.009793006405800497,-0.01762589008080795,-0.026211591119817967,-0.034284958871921845,-0.04025712385669067,-0.04283742782718036,-0.04160395761232394,-0.03701755701968068,-0.029712696303363373,-0.02056393455518446,-0.010366161262709284,0.001001042360115889,0.014331480002738317,0.02963869327743396,0.04548995491404639,0.06017639009314735,0.07235866661403634,0.08115239324979484,0.08633136161506627,0.08791786854089878,0.08607695889395472,0.08135494056205061,0.07399155776965927,0.06412783903897434,0.05236902111960262,0.03961099181992722,0.02682746824689275,0.014826144756341364,0.00441502390202686,-0.0036652938462111706,-0.00896007357198414,-0.011597388827055966,-0.012340978905456268,-0.012316830222403041,-0.012704144403130613,-0.014312924179193942,-0.017354004455683025,-0.021441923792053785,-0.026088867954854322,-0.030541887241497534,-0.03390191594121461,-0.035819187615970804,-0.036793299074133756,-0.03732795761379748,-0.03745475396499387,-0.036908225808929274,-0.03546357874029127,-0.0329104530294444,-0.029138545798446103,-0.02451161584815509,-0.019657356631341827,-0.015319059798457602,-0.012073213540020333,-0.010212991341518318,-0.009764262287603742,-0.010412769313461467,-0.011757919970989406,-0.013255908370979341,-0.014532652414800395,-0.015299859157380524,-0.014861863739668024,-0.013022070532997532,-0.010272835915259293,-0.007472575447309282,-0.005489152687943033,-0.004648692097930507,-0.004738726300246299,-0.004983431445282349,-0.004592567659500446,-0.0031166866865106613,-0.0001809355998361184,0.004307015633031597,0.009624298691335298,0.014512176349512629,0.01801196525264004,0.019666160255837895,0.019356917846380384,0.01724390052970648,0.014057760289176713,0.010542525963330718,0.007125183110190392,0.003993308350658253,0.001172308805585942,-0.0013349705785259403,-0.003541028581466321,-0.0056763123090775025,-0.007493681231096616,-0.008159325659562455,-0.007301935056602815,-0.00520029308503922,-0.002535353482713276,-5.342383219836266e-06,0.002071045113183345,0.003695192152264326,0.005128933722176043,0.007016062841813664,0.009884376872548728,0.01367243562810927,0.017273174890419796,0.0195477856124171,0.020209089512945866,0.019077974755532523,0.016932037993910853,0.015272243913955208,0.015020152233091721,0.016271044955828984,0.018420051262069137,0.020741063977425256,0.022786570852417753,0.024372294404884087,0.02535143828197306,0.025404796488714965,0.02428556733491405,0.021640749636731016,0.01765289958655103,0.013153442779412217,0.009061969841184236,0.0059436411348201545,0.0034568552464975255,0.0006203491609291234,-0.0032846454445234485,-0.008127907236143983,-0.01304443486560558,-0.017111913663825362,-0.01976077435017487,-0.021193168109334692,-0.022102653929323424,-0.023051835995602232,-0.024364458894865493,-0.02588643432943627,-0.02686987699007659,-0.026399666452903148,-0.0243841657976418,-0.021658491888842946,-0.019121385363973786,-0.017235256777325958,-0.015677171560923853,-0.014095810740855086,-0.012809005411895669,-0.011692884882563703,-0.010365600822126453,-0.008638225246215825,-0.006612870695477113,-0.004529133512676253,-0.002576055146974454,-0.0008297367792842181,0.0010423167884354712,0.003252621061378136,0.005268640634881194,0.006473952485208656,0.007051868422536245,0.0073306805070672,0.007311975469548315,0.007107449295773449,0.006774601324366358,0.006023697984858245
16000.0,85.0,0.0036917349177656433,0.0038843186445092215,0.0038186249717853116,0.0035215712568259505,0.003083381772128746,0.0026068016634184232,0.0021713442155402163,0.00168936187261437,0.0010397080973945094,0.0001512056035934961,-0.0009004461620776283,-0.0018232061416156853,-0.0023274466798284266,-0.002140532862071609,-0.0010930248928175956,0.0005640830580411205,0.002158692335996193,0.003082534894005562,0.0031863682803390247,0.002823783429306559,0.002221142825220568,0.0014757971511514256,0.0007372883414902276,0.0001834320195737149,1.5575943312917673e-05,0.00031036698211472924,0.0008235220838592738,0.0013400988096989863,0.0017273240615622854,0.0017748820191343384,0.0014865886299730846,0.001106472247158763,0.00085129331361955,0.0008457776146109097,0.0011408827216286,0.001622360468189754,0.002231017592890794,0.0029400542000956875,0.003671109860547972,0.004340075854258885,0.004786076868157352,0.004743414550034686,0.00411466460903398,0.0030797961958484166,0.001862513365757934,0.0008438333365390349,0.00030280142282457234,0.0003065033782334581,0.0010153580198846157,0.0024013384614107736,0.004264298691936119,0.006410569408643596,0.008589863043084733,0.010503911518355835,0.01178696162895676,0.012193038578800497,0.0118669305493313,0.01130095306223211,0.010887879042797977,0.010570521347119666,0.00992545157174618,0.008599031708911298,0.006171535282817331,0.0022381450026642824,-0.0030716096333094356,-0.00913188635820461,-0.015080374282661069,-0.02031019796788769,-0.02466053317107253,-0.02782421582026018,-0.029620585095813112,-0.03035595597111751,-0.030306718912243014,-0.029354096042766287,-0.027213850728458056,-0.02370634888393397,-0.018800170309418718,-0.01278275973959353,-0.006462621104930122,-0.0008354942293564704,0.0030946594176128883,0.004788013097112298,0.004301244693749595,0.0019313988186553388,-0.0016519942080961414,-0.005469544817060523,-0.008857159450315066,-0.011784079489984833,-0.014590386676616163,-0.01768263757639943,-0.02143936583820505,-0.025977191953074907,-0.031034815606290067,-0.03575933860133773,-0.03889490685082819,-0.03946713889035891,-0.03699788209132748,-0.03139707516197632,-0.02280379440833258,-0.011870300298255643,0.00047407711090130533,0.013373798068982978,0.026045199774671346,0.0380196105709274,0.04903077055473659,0.0588240887111624,0.06716787481764186,0.0738550554046924,0.078573606288046,0.08061550005322715,0.0790762086921859,0.07328240769766126,0.0632834868952159,0.050157680675511074,0.0356230138720548,0.02149039879384418,0.009398555711470635,0.0004252595497966638,-0.005143611314650798,-0.0076928365899675555,-0.007698249149257208,-0.005638062017254697,-0.0024638238116381217,0.0005986338647012701,0.002412912536442491,0.002281282496241488,0.00040983372251446326,-0.0024251274322040217,-0.005456062268649475,-0.008235687687374593,-0.010792548188476303,-0.013467697179692095,-0.016363568278165985,-0.01917063308098932,-0.021396809657403537,-0.022521001952213737,-0.022243456854198485,-0.02080013672411951,-0.01868287036188576,-0.016618338705143287,-0.015399635344692797,-0.015274958187205812,-0.01593184073556131,-0.016981083206246694,-0.018051524719453482,-0.018899038778386057,-0.019374519766302,-0.01942549587852227,-0.018977480920057133,-0.01796815496390991,-0.016484326792465254,-0.0147166261399434,-0.012873032417815011,-0.010939857908454087,-0.008806610551914673,-0.006518981798819823,-0.00449688775105983,-0.0031596896210572822,-0.002570517576572229,-0.002318053082817073,-0.0015914296547236972,0.0001354244633100521,0.0026063093905293044,0.005081691067942984,0.006946347053116142,0.00807519562329162,0.008536268580883188,0.00822381984733056,0.007281974578887684,0.0061279292751237335,0.0048229584770353995,0.003357566669137668,0.0018811319169032004,0.00047794912472198803,-0.0009272111411995354,-0.002291541623122839,-0.003302032869356708,-0.0036797858093962077,-0.003301561468660452,-0.0022440629354747443,-0.0007910211374806408,0.0007340492103047325,0.0020368937647674557,0.0028715378963539706,0.003311410035067297,0.0037083052184527787,0.004313451373860744,0.005178201867295229,0.006361577042923727,0.007830096571126433,0.009342540074896988,0.01066522781201229,0.011643600750232963,0.01229947788061736,0.012859551645760803,0.013521230357582681,0.014275537196795085,0.014980864548874706,0.015702008582252347,0.016641335420786163,0.01775623914568314,0.018756635355998696,0.01941169003316645,0.019564543762840003,0.019128696848724758,0.018194137751947892,0.01696039220178136,0.015437882083801924,0.013404875431888286,0.010662262184268911,0.007276614422124794,0.0036786780288622367,0.0003998388009573972,-0.002428325762693362,-0.004964851640920642,-0.007259886469768162,-0.009187638205787607,-0.010636472147496079,-0.01178127551071384,-0.012910012614497646,-0.014138461956747506,-0.015548838661061382,-0.017146980724191963,-0.018624961128921314,-0.019442000009917138,-0.01943207195154173,-0.01877999622479365,-0.01762044199438151,-0.016105971667457197,-0.014333497944107876,-0.012483195810375491,-0.01077712585839663,-0.009333088968332959,-0.007947655866757941,-0.006392349316541868,-0.004795610575314413,-0.0033694367296277505,-0.0021616206602459442,-0.0011943814826054222,-0.000584610693188381,-0.0003629312406161489,-0.00032155081375329075,-0.00022893285878122782,-0.00020113244403319186
16000.0,80.0,-0.002389119346801749,-0.0017308927624526405,-0.000689857226898738,0.0004516009510791008,0.0015160168675976138,0.0023563151430039397,0.002854718905709319,0.0029422964065162205,0.0026995767843374097,0.0024030897272098173,0.0021973833863597747,0.002004623356199886,0.0016539851710462017,0.0011486959161643995,0.0006891248127693927,0.0005272140501944023,0.0007108035271485846,0.000913853770434514,0.0010521896687265553,0.0012864557197289628,0.0014906372802769852,0.0013970655743378302,0.0010035048347845077,0.0005499343203041462,0.0002552934252886274,7.359153564312493e-05,-0.00025599855568714247,-0.0007177080596498797,-0.00093425045477602,-0.0005861233165482815,0.00028613558744616796,0.0012691031558986765,0.0018149156622015994,0.0016346806130940195,0.0009477023610315882,0.0002339037574738967,-0.00019646839710674158,-0.0003679694604574735,-0.00030579935805796765,-3.1756725721310275e-05,0.00026556357113349804,0.00031165736658067544,-3.9143801047747395e-06,-0.00045832820871893887,-0.0008568494802574378,-0.0011313376901966876,-0.0010865843780294426,-0.0004721535384888398,0.000620983486854243,0.0018684005453906138,0.0031317761717275516,0.004409030029961514,0.005961251492436759,0.007907355659142468,0.009984471027735253,0.01156743234531632,0.012190666254241478,0.01200977983728535,0.011328023852286151,0.010240396974836585,0.008752017777169385,0.006888713155461801,0.0046561421385149515,0.0020992403371167256,-0.0008130381923265873,-0.004202235004413524,-0.00807593814045049,-0.01217840051026542,-0.015908188544244695,-0.01881467248665558,-0.020967522829096197,-0.022473821914559267,-0.023039323338025497,-0.02220691897036886,-0.01969360141629295,-0.015720267754204542,-0.010813161921419123,-0.005317499329748898,0.00046035289469337215,0.0060537592716514155,0.010694803265209885,0.013435474954803794,0.013518454800021118,0.010687474905068939,0.005495021326851202,-0.0007484067809926387,-0.006597751678327768,-0.011295664847921216,-0.01491684997745324,-0.017952030972878674,-0.02089130823890173,-0.02395368881025206,-0.026969322775016735,-0.02941666821243416,-0.03093232692208403,-0.03141836657505337,-0.030651950311266773,-0.028315657374378134,-0.02418503619594503,-0.018124296730093192,-0.010184637133647811,-0.000537362654373652,0.010439733522105143,0.02195214321432104,0.03302615425582189,0.04285441690399239,0.050920796468290064,0.05699569882722244,0.06124740536961326,0.06385567985489615,0.06466682123118517,0.06327794466187697,0.059145474295974054,0.051931753120015856,0.04185171675885613,0.029770923504202074,0.017133606533548118,0.005564166460914066,-0.0035968079625803284,-0.009505745524052145,-0.011997070892277861,-0.011579817993379038,-0.008918721761119741,-0.0048108770300814285,-0.0006058958890164945,0.002176341995507869,0.003145212534860775,0.0028651403471968706,0.0019357360159233394,0.0006895796156314304,-0.0008591295452831105,-0.002750199623591243,-0.005084137555400048,-0.007954430891743414,-0.011117200493515611,-0.014020135274961376,-0.01643925351402231,-0.018374896271211583,-0.019684724961166467,-0.02028007450860514,-0.02031161194793185,-0.019956868158033103,-0.019505293380461808,-0.01947847927397106,-0.02010808231034389,-0.021141852712958098,-0.021995269605668,-0.022002815569521772,-0.020881044449083674,-0.018812558622016695,-0.016325149232443437,-0.014119420299607555,-0.01245218861356534,-0.011077878170340227,-0.009688487345727026,-0.008073748780645928,-0.006209074143725957,-0.0043596064536188806,-0.002804323662175534,-0.0014764568456726579,-0.00010597020483338326,0.0014749751420239932,0.003220716138230273,0.004955255761274202,0.006641385219552376,0.008462795797470335,0.010285042151281232,0.011521212428533545,0.011771789765191443,0.011063374216746524,0.009582851845379992,0.007666799639594046,0.005618087328684851,0.0036088321220262287,0.001906424351716396,0.0007761041809217772,0.00023492524592327868,5.40952595218247e-05,-6.637032590184333e-05,-0.00014165109363251105,-7.16340875506205e-05,0.0002125898207472332,0.0008496632286636441,0.0017388622763903072,0.002695556666765242,0.0033953264644281944,0.003731370767923181,0.003959482075543974,0.004353228444387014,0.005089172194772118,0.006204702529544193,0.007674593405226915,0.009388391397635587,0.011044288150685588,0.012273197569356853,0.013096258300038244,0.013844730695211638,0.014490841415693012,0.014900160216768654,0.015023614352571713,0.014766925460207858,0.014278835003267432,0.013828232781065708,0.01346472089380768,0.012971923979421263,0.012152992390213058,0.011117318621245431,0.009945052781290542,0.008433947762398475,0.006388187312467153,0.0038676759572808805,0.001209081723629879,-0.0011902687724330008,-0.0030526428052013443,-0.004455911639666965,-0.0057489777383068486,-0.007208929009294707,-0.008764595271770759,-0.010199478595041,-0.011351550810445588,-0.01217137857167927,-0.012819390882157222,-0.013592544867435663,-0.01459042486828821,-0.015718010004661664,-0.01684736439244716,-0.017716109468324248,-0.01796904847140013,-0.01740446364806303,-0.016188575813202988,-0.014693354088990418,-0.01321299425427469,-0.011792953280576057,-0.01029748553094123,-0.008614555291330817,-0.0066184084879239435,-0.004245224172194639,-0.0018756192154967266,4.162374958593951e-05,0.0014075899334997644,0.0023196657927826436,0.002879738669747667,0.0031375944065104022,0.003245349100566841
16000.0,75.0,0.003343010535061808,0.0028518216677042574,0.0019386350302852406,0.0011646250630548138,0.000885329809463542,0.0011464121874027455,0.0018632133613749602,0.002788220543337161,0.0034760030409586307,0.0036413481119268454,0.003227767386704272,0.0024516069174751465,0.0016198968832981109,0.0010198666355876185,0.0008464590139922734,0.0012218476230785313,0.002026360856888232,0.002933655318670958,0.0036415279680568347,0.003917728363944661,0.0038046636952060453,0.0034961435968483556,0.0031482654261338894,0.0029733007167465075,0.0031373450504190714,0.0034802591919458337,0.0036369145473003073,0.00323187543393999,0.0022567177015986317,0.0011041507708142717,0.0002770244866834304,4.32501152947129e-05,0.00028899677095850507,0.000655509424518641,0.0009051278060390189,0.000929108567859771,0.000529331856125026,-0.00023217709699263622,-0.001009891170689059,-0.0014864768305145049,-0.0014958221328242871,-0.0008974427867514123,0.0001786024245165052,0.0011923577680761355,0.001724690723570177,0.0017028611853930897,0.0012873381249889349,0.0007712302463325216,0.00034025190998043797,0.00012211051614308133,0.0002216242328545448,0.0007915562649785102,0.002158312417677166,0.004423371002815202,0.007076007779716065,0.009321983185373028,0.010516492565670887,0.010406371764304367,0.009313352755668802,0.007928633749543224,0.006755101367161842,0.005812649916947521,0.004738948788940434,0.002984364977365317,0.00013322576375429662,-0.003833474870873488,-0.00846278247479404,-0.013006686394589906,-0.016856205320436857,-0.01989331366303304,-0.022205396632557495,-0.023876282284618355,-0.024700925749243652,-0.024229754203020093,-0.02239268681591966,-0.019389709393635712,-0.015413613496662038,-0.010663661953458359,-0.005527096558211042,-0.0004812116261021515,0.004073556603145789,0.007650969635619731,0.009979662429770997,0.011004531508262971,0.010404215267101335,0.007963666170951456,0.003935007875099927,-0.001033143126605296,-0.006162520271857375,-0.010933110416999625,-0.01526068693635807,-0.019277027973885197,-0.023004380622637655,-0.02627588102654954,-0.028750665848065182,-0.030091943159504808,-0.0299817237703337,-0.0280557053145003,-0.02423434963816362,-0.01886748357549095,-0.012484495215403513,-0.005389089619001197,0.002406890464712319,0.01084504308579426,0.019480516755265853,0.027598382246196707,0.03467830822501128,0.04068500558673804,0.045790720548666286,0.05009236048181265,0.053548589562524285,0.055864624926016404,0.056334990006234875,0.054275396621505934,0.04943411369140449,0.04194406599822287,0.032452440734687116,0.02182931879701755,0.011178227232733207,0.0019382515592525351,-0.004751692816995501,-0.008602953904812694,-0.009951503621152824,-0.009342625340025279,-0.007478129226967667,-0.005035376560158511,-0.0027033351113203707,-0.0011165423030590205,-0.00030836430631175915,6.940022861945394e-05,0.0002986016434114447,0.00036078015575036204,-3.245573254595513e-05,-0.0009486679219961047,-0.0022766191154488524,-0.004096861960789511,-0.0064764598128874695,-0.009170787684809056,-0.011685086676038736,-0.013529344755625061,-0.014515985746754723,-0.014926278879556776,-0.015130712682775993,-0.015295144706328756,-0.015551638199440276,-0.016157512661152396,-0.01729709886433284,-0.018784678701422308,-0.020149997226326377,-0.02101431384460284,-0.021220888157813533,-0.020716610649174072,-0.019493120007041398,-0.017720674705401507,-0.015598480729295261,-0.013344001459358878,-0.011286526380160922,-0.00947335987433462,-0.007568165649729508,-0.0053833604241049215,-0.0031175619863432757,-0.0010508419689969628,0.0007420517533773818,0.0023985782249269505,0.0041582493004455046,0.0062275269385736465,0.008625014480401205,0.01101057645058745,0.012733408105702892,0.013351229455338398,0.013065267978618067,0.012271295091181855,0.01110251446334587,0.009589293803458077,0.007991117101369127,0.00657514620527877,0.005363444355310776,0.004338908343726189,0.003498689782333031,0.002881915373009747,0.0025531592395822145,0.0023933839354839392,0.0022383348508014933,0.0019909804915840823,0.0016623910026325461,0.0013506763485438,0.0011836961411049174,0.0012447519681657582,0.001550238937220172,0.0021305623931766604,0.0030115110405404266,0.004172281187209137,0.005587974527543338,0.007140601887556386,0.008721057653815478,0.010321250520917147,0.011753709117101607,0.012837686469424625,0.013617478700211905,0.01419090267518186,0.014676827753135058,0.015183539758822917,0.015682589449284023,0.01588693265830443,0.015499429295573464,0.014633091183213764,0.013598374870582575,0.012624179035469751,0.011792446130698409,0.011052177839587785,0.010142978013050197,0.008782966354203836,0.006868392077308272,0.004531604869129069,0.0020328185801332666,-0.0005570964245471544,-0.003235483214680812,-0.005930732793757443,-0.00849924308710115,-0.010697771557488522,-0.012316700548353765,-0.01333534793701574,-0.013995204106720394,-0.014693985583846825,-0.015731464131363282,-0.017100358462585064,-0.018483648389633345,-0.019365593573184015,-0.019381818816555096,-0.018645387456217577,-0.017714192779294535,-0.016865659091536145,-0.015797864350020063,-0.014350681531993814,-0.012770185797705835,-0.011249879250385675,-0.009847738624557678,-0.00857189341729736,-0.007334701290773182,-0.006020787424176888,-0.0047484625120830515,-0.003699786255140225,-0.002942973198472032,-0.002442382518452746
16000.0,70.0,-0.0037809360087237565,-0.0033004829980143313,-0.002490509132258012,-0.0015639398665001636,-0.0006871236912786571,-3.4919889896345424e-05,0.00025174076712097815,0.0003323731567750343,0.0005620350296275944,0.0010126076643857118,0.0012971328455790854,0.0011989680359647537,0.0008160170872351102,0.00018682798363922615,-0.0005776440437088581,-0.0009782034071648127,-0.0006930596652132692,-4.359734795400527e-06,0.0006772676863775473,0.0012919111336273659,0.0018031723891809293,0.0019964716546638783,0.001756676581976535,0.0012670582361096194,0.0008418516994623815,0.0006907329153094111,0.0006825572329560714,0.0005346726950072878,0.00010773009567754954,-0.00033403507737617133,-0.0005193191432439903,-0.0005170662786824209,-0.00046691456256908737,-0.00045505957335656433,-0.0004993520041907118,-0.0005959458482251989,-0.0007596024920175637,-0.0010263337957283625,-0.0013219133565556263,-0.0013522244435293373,-0.0008363317816062477,0.00019677998119860263,0.001501741508924681,0.002767443163520511,0.0037111043127424637,0.004137439280071931,0.0041147312224154575,0.003969611306331444,0.003815024740561057,0.003525396419234994,0.003131567449798922,0.0029447966287676763,0.003268563641967148,0.004233629002925454,0.005806321645707158,0.007546606894948127,0.008934002870830682,0.009835644299016622,0.010326489885414958,0.010441767450686257,0.010106910863783014,0.009367128406267966,0.008453492128523976,0.007413004432521575,0.006189348589202837,0.004613237791772917,0.00246363662803617,-0.00021268477257141427,-0.003248178392922796,-0.006653926298838542,-0.010287823926091733,-0.013787810004828316,-0.01674580829558181,-0.018725662798146914,-0.01957504203176086,-0.019350540725326937,-0.018118869959948825,-0.015766193683930396,-0.012028959162080355,-0.007071645047318498,-0.001566650253970181,0.003643399137942538,0.007948493419007718,0.011263687760276753,0.013622512007316345,0.014716070140252668,0.014079445165293691,0.011539255773129753,0.007647730448923085,0.003245178126221049,-0.0012315077846380973,-0.005806088498871986,-0.010640431646891102,-0.015666859809471134,-0.02037262802900841,-0.024028288692079514,-0.02609924187879642,-0.026383760953763158,-0.025199176079127028,-0.022923394737972558,-0.01957005935082634,-0.015156235377844496,-0.009865021688426623,-0.00394258137248471,0.002734652948532812,0.010136345096611876,0.017645358951767776,0.024418675081960828,0.030054017940983613,0.034709863427906384,0.03864640873985081,0.042051084392369376,0.0447340120501849,0.04627076677365949,0.04628098437819972,0.04444979495588086,0.040541383583558854,0.03443056684204748,0.0263031374458933,0.016890149723280956,0.0074978325770302945,-0.0004522873464640753,-0.006035753230548835,-0.009049269777960944,-0.00995444970897097,-0.009477703066806953,-0.00838186586804568,-0.00728548199546708,-0.006510087136035736,-0.006102070404523374,-0.005781541911886734,-0.005237421163428735,-0.004602797698538552,-0.004211788251495818,-0.004133919428994659,-0.004379905327311917,-0.005099027422517111,-0.006472536284718444,-0.008438653331666046,-0.010743454126327379,-0.013033622181524152,-0.014854072638570415,-0.016057041918315917,-0.01680741235077221,-0.01747734934554046,-0.01851521069795581,-0.020116127430469533,-0.021936992666837796,-0.023575395857733383,-0.024822501387689044,-0.02544648580737885,-0.02517049502159807,-0.023888606648370114,-0.021793736593167523,-0.01937872440294086,-0.01704394314572255,-0.014774988343901896,-0.012584832731477036,-0.010358110813513122,-0.007881649111141087,-0.0052246420523260895,-0.002621113992518076,-0.00022893341389274013,0.0020017572044395138,0.004218752902573897,0.00652014620072805,0.009033223946630642,0.011755076911867945,0.014486308153038863,0.01711722497077517,0.0192971629786598,0.020536701228479615,0.02053520908873452,0.019199083212129153,0.01699117113673765,0.014622446364853658,0.012646203195743055,0.011203694860739688,0.009924136179506604,0.008467062606598574,0.006976673461167593,0.005804855263136233,0.0049278221503357145,0.004011478260679269,0.0029324838113353735,0.001959121531669439,0.001251764691900803,0.0009172100856602583,0.0011619170070531482,0.0019849875076971557,0.0031115081622345997,0.003940651360778702,0.004072105763697209,0.003727832265099096,0.0034375291502186656,0.0036074117026885233,0.004389813401672882,0.005557871052275232,0.006719883316463893,0.007710883487277442,0.008542321516813445,0.00922737974917709,0.00979702718950648,0.010215186030393397,0.010483794277149627,0.010594962240872974,0.010567778652159632,0.01043669417555293,0.010076686152160619,0.00945007894159744,0.008654760463855382,0.0077150561494931935,0.006824358411705589,0.006095208338052771,0.00522307130879085,0.0039866243639608,0.002522514641611906,0.001078686917566074,-0.0004025834110521487,-0.00207922012940287,-0.0039035579213475557,-0.005704173133835866,-0.007375076105375911,-0.008927564465466276,-0.010473987899217718,-0.012247058478465078,-0.014327536490554849,-0.016547119230381213,-0.018620459840690273,-0.02004691523893598,-0.020311631487857085,-0.019405698381547154,-0.017830124932061153,-0.016135249580884192,-0.014581101659416618,-0.013262274833891752,-0.012217604705710983,-0.01144187855572909,-0.010739109157498206,-0.009637338038714915,-0.007888605324524178,-0.005705833139302285,-0.003514005308957735,-0.0017873281743518987
16000.0,65.0,-0.0016418090220682302,-0.0008918387695011631,-0.00035781919094368675,-0.0001686631528885485,-0.0002892159289835661,-0.0005023546023608105,-0.0005635319988428478,-0.0003755510624703362,-0.00013601340886904012,-0.00010597325100780708,-0.0003263041503664965,-0.00048749820846794023,-0.000273177508391953,0.00014282069971116584,0.00056653520763561,0.001084856648958521,0.001672874727631779,0.0021026966834369887,0.0022093324947292103,0.0019780723725659755,0.0015032144418114513,0.00116231879676576,0.0012172823860012727,0.001396943116738214,0.00135366817755056,0.0010845991882391104,0.0007865209594726252,0.0007254303269199625,0.0010463268029781148,0.0016085740517368663,0.0021943209471686487,0.002561130418854418,0.0025014188498317935,0.002110934982368917,0.001690798501208235,0.0015951631127109067,0.001825688822343352,0.0020573127645917566,0.0022283714873339022,0.0023154922423884727,0.002353597761128867,0.0025981636841976297,0.0032000877503435277,0.004012359777760821,0.004720940527391804,0.00501867480906526,0.00491341145547608,0.00471277727953634,0.004692663591043811,0.004817074739094096,0.00489259033287226,0.004972212419573907,0.005165742056334466,0.005633256972004119,0.006421440268411516,0.0072672370343696,0.007855866179795612,0.0081848998689793,0.008132370332702976,0.007537097168608398,0.0065192611309328186,0.005422069904170712,0.00465324312415305,0.004281810017658927,0.003982878027386505,0.0032965283836006165,0.0018482321229029708,-0.0005300008765196651,-0.0036046423623758983,-0.006805994434699869,-0.009663647659863273,-0.01188662857032341,-0.013532692300088911,-0.014735568321100345,-0.015441900202972647,-0.015587513502168804,-0.01520897363604945,-0.014305592266339318,-0.012543763361350102,-0.009741513373739963,-0.006280832298699579,-0.0027443567418572457,0.0005057756435888905,0.0034310601026987797,0.005815474324322167,0.007155062320407524,0.0072330124112340854,0.006098105131968623,0.003953187999172769,0.0012180820796459102,-0.001608676969411249,-0.004199807612792483,-0.006776555316889699,-0.009788744925742776,-0.013389207076386356,-0.017346504677107077,-0.021064495925315896,-0.02371369589582173,-0.024597222036959465,-0.02362764739416434,-0.02132743226468392,-0.018314667116214878,-0.014981054619056522,-0.011357932372391133,-0.007168265980794786,-0.002391314479766038,0.0026273057063264105,0.007722848138769223,0.012840508212264012,0.017475935365496298,0.0211991917353771,0.024032749124103248,0.026359989746538304,0.02884784677803509,0.03175026108692691,0.034595391440461754,0.0366311532218333,0.037175588829541084,0.035734178283064466,0.03216993604837626,0.02685302291638436,0.020585062543432286,0.014484975885409312,0.009480923601756786,0.006069923230711538,0.0042236258934735815,0.0034045846142305436,0.003021669581215747,0.002707718049776986,0.0022632535845446,0.0016096735055981526,0.0010044909348749798,0.0005995818841419975,0.00029560967562680673,-0.00013122557207534413,-0.0009720811933178197,-0.0022796515786183136,-0.003697152806125814,-0.00480675454994639,-0.005603245423202452,-0.006466236879276721,-0.007664604950718967,-0.009177878901311942,-0.010875889522310445,-0.012621642397903088,-0.01429453977408457,-0.015862283930800913,-0.017388503081861018,-0.01883855382800448,-0.019999006894977356,-0.02069751303679368,-0.02102343721333,-0.02118230391090492,-0.021285327278519617,-0.021285991635977553,-0.021100452940459036,-0.02048165370638344,-0.01921718606467948,-0.0172895138206286,-0.01482420408649432,-0.012001387439397604,-0.00884607320728037,-0.005499662059094135,-0.002315936109553718,0.0003661664305099066,0.0021661223925661943,0.0031133122746496156,0.003834600192931248,0.005022291915679489,0.007040591221141312,0.009730941386010272,0.012494406398388946,0.014618596999582678,0.015827620103436857,0.0162884123966478,0.01605268096227519,0.014978059681425293,0.013157957390319552,0.01107849190162824,0.00928954602130716,0.008054970024318209,0.007345097419175772,0.007048619021787772,0.0070359140735831716,0.007031816462443885,0.006689500953172001,0.0058647735556860425,0.00464732075045049,0.0033741218707916687,0.0023769708423770908,0.0018994024131302467,0.0020212262974439454,0.002484049188566928,0.0028871849355738277,0.003147883953502628,0.0033788496445197325,0.003528361158799953,0.003492984790298692,0.0033824192335885073,0.0033357190343252796,0.0034523865988234093,0.003925193947651451,0.0048698503007926774,0.006324834433968363,0.008158042241745989,0.009841273573840681,0.010848932419094126,0.011134745570018367,0.010945679917995221,0.010381204340603745,0.00947661327188598,0.008411089602589072,0.007368464949308873,0.0062715930226886485,0.004925883700934719,0.0033849509861738625,0.0018533603540760168,0.0005200938013594225,-0.000466672034349358,-0.0012638005086884618,-0.002321978165298333,-0.003969141015858213,-0.006152876430576271,-0.008412008867253462,-0.010351516088746848,-0.011775191488538894,-0.012788632375304587,-0.013689060551769217,-0.014572618667330062,-0.015499237449034808,-0.01642131230994437,-0.017143250374829222,-0.01752581013647614,-0.01734915855422514,-0.01657236126106909,-0.015393240460070956,-0.014085363986282573,-0.012738202492812434,-0.011158583390624699,-0.00933770660793698,-0.007515455813233984,-0.005836774175094206,-0.004224383509665586,-0.002506289176196219
16000.0,60.0,0.004168291933837054,0.0037796414886770435,0.003238782797509998,0.002465306181420601,0.001541902383550564,0.0007797766321537836,0.0004695388522435451,0.0006190716272946872,0.0010715671683314554,0.0016793028079220562,0.00222599361165976,0.0024696944489477346,0.0021410109241060127,0.0013375417440286697,0.0005503511535387418,8.458510974973521e-05,0.00015676301923228664,0.000700169366929515,0.001333633981026594,0.0017538849261811151,0.001750563694002949,0.0013639819274047227,0.0007141948699107559,5.727614563189043e-05,-0.0003516698043881661,-0.0006652705608622966,-0.0010679542805647202,-0.001560526818877861,-0.0021344930267730433,-0.0027989750517321,-0.0034755156530508202,-0.003913177781811328,-0.003852937080495167,-0.003330996367623129,-0.0026344411097056764,-0.0020416188739602603,-0.0015514244333658667,-0.0011008434164239134,-0.0007863390494300404,-0.0005631873856160041,-0.0001773761415524433,0.0005245136547316065,0.0015478139880897857,0.0027028346227808697,0.0036903151645617527,0.004446911283650934,0.0050520707617351945,0.005519228185590919,0.005732751606757347,0.005510272682585082,0.004918428331279756,0.004252369567581127,0.0036513492229772737,0.0032498379543000055,0.003341279919411022,0.003933351422347187,0.00487345541699824,0.006182122813669366,0.007739196838940643,0.009093299446760739,0.009970614556209512,0.010269686434583036,0.010065083877464076,0.009573935422224622,0.008858950018009182,0.007995335948862703,0.007010609426316705,0.0057839866229869585,0.004302013412171846,0.0026000128716674453,0.0006224442072877423,-0.001736982002675802,-0.004474251635855353,-0.0073135622002951095,-0.009841050641057336,-0.011800596055877577,-0.013161166378949929,-0.013907598628293272,-0.013842491597415574,-0.01285467199352297,-0.010995599097896047,-0.008451310762325193,-0.005578378203807688,-0.0028301991861212628,-0.0006004878816412429,0.0009420658697578688,0.0018731942663663403,0.0021962054397306474,0.0017408400276863745,0.0004250217677803647,-0.0015626261395951246,-0.0037548679721055578,-0.005804150049470991,-0.007874407792485272,-0.010317956267158479,-0.013182857472315845,-0.01638556490490828,-0.019698125797162902,-0.022483817474494572,-0.024073088411569188,-0.024139138687928607,-0.02276471988693629,-0.020217539642430893,-0.016948954240092462,-0.013470128124026814,-0.010014644225009306,-0.006584064848880189,-0.003092796907466777,0.000533930066826116,0.004286313526336016,0.008143779872682444,0.01188988374423161,0.015245543494302183,0.018174379334823243,0.020629148167472522,0.022715960668051594,0.02463583292922067,0.026226031124565452,0.027199368091146425,0.027431747540163087,0.026837469135898573,0.025454824026382994,0.023314120412010197,0.020313938975391466,0.016566659155614616,0.012648354363875569,0.009476077700298902,0.007713659044839005,0.007339696406205576,0.007717948058427737,0.00803375854729893,0.007905224030935187,0.007308782468129493,0.006402398611271565,0.005412529091586293,0.004459857816385693,0.0035186091817962506,0.0025611326393004674,0.0014821779359408538,0.00024139373833165223,-0.001028534590830077,-0.002388430120348062,-0.003977949081246379,-0.0059709819311137835,-0.008508633797532639,-0.011354169160426864,-0.014152187866045551,-0.016545865122452597,-0.018237155785527648,-0.019350659741235177,-0.020170526582319326,-0.020933091704478102,-0.02181051250715882,-0.02270394716674673,-0.02324679471144009,-0.023184247410767966,-0.022537943067391097,-0.021217511303461833,-0.01910840019547777,-0.016421465076632558,-0.013485843552984988,-0.010522267501755778,-0.0077198958337021395,-0.005058337748664599,-0.0023625743583721714,0.00029392896450097794,0.002658596454097051,0.004621631966017503,0.0063995440058306485,0.008194799505645278,0.009905593678638525,0.011530755017474803,0.013148465427548217,0.01480785005725238,0.01649265790604204,0.01780151848151945,0.018429616943649307,0.018413746971646106,0.017735843016453146,0.016432492699891554,0.014678397164402668,0.012820795980417188,0.011197817784136532,0.009919933319224583,0.008844575738464755,0.007647960487133787,0.006163258348124145,0.004315984014624519,0.0021985571141414084,0.00018570814330765018,-0.0013592400538442462,-0.002144747712762296,-0.002143838662149733,-0.0016548454828679837,-0.0011963506851841998,-0.0011189614790296787,-0.0013651721975094233,-0.0017085891590440383,-0.002022876754992353,-0.0022657169473916383,-0.0023730171161417957,-0.002289317402315305,-0.00182017845240523,-0.0008300959364326843,0.0004433115263768883,0.0016195138563546152,0.0024774930995619115,0.0030165576703211627,0.0034318132779986854,0.004029320432863415,0.004721234958537934,0.004999312963605007,0.004635356987137129,0.0038439811334001206,0.0029128817136125917,0.002136356647142179,0.001688138628885838,0.0015142196385653506,0.0015634071814929484,0.001712837316425464,0.0017970158694424754,0.0016423528093056916,0.0010990596210902481,1.5409007620217907e-06,-0.0017113435113458308,-0.0037706766597978003,-0.005756780385723914,-0.007371895094365755,-0.008562993869531965,-0.009423762215021725,-0.00999786919919643,-0.010417033458054448,-0.01088692247463996,-0.011379568398695028,-0.011644432973412222,-0.011490500995137154,-0.010719025667071946,-0.00950004253041925,-0.00814311018615399,-0.006803553276313323,-0.005678043812906708,-0.00467800553849429,-0.0036972378492095004,-0.0029022884096008283
16000.0,55.0,-0.00015648028706127803,-0.0004790565166779004,-0.0009598253303266802,-0.0014126697589489368,-0.0016756581677768168,-0.0016344425812775398,-0.0014161959382974487,-0.0013313464775066564,-0.001516276881829981,-0.0018196106843504367,-0.0019179817734027438,-0.0015909173978201352,-0.0008521962580054776,2.931896045388349e-05,0.0006919927963977557,0.0010154955765173668,0.0010017597862344019,0.0007879514263287035,0.0006925265361168442,0.000913582043349237,0.0014210801424496822,0.002114176167467008,0.002710843105546701,0.0029111293375905234,0.0026704773947727745,0.001960151374547081,0.0008265657047701325,-0.00034915878521779575,-0.001165936902580711,-0.0014285255200974234,-0.0012615354316736216,-0.0009292475122713029,-0.0006290253318219641,-0.0004460423697061344,-0.00032252614468042395,-8.006829921303193e-05,0.00019539159179515764,0.00019299321862842334,-0.0002595594850163252,-0.0009770909636941383,-0.0017073354952046316,-0.002033060164663425,-0.0015613298431915723,-0.00041642428394439435,0.0009659101296577433,0.0022261998910977354,0.0031129037125765535,0.003504266876674933,0.0034675882165657868,0.0030473312762069327,0.002283645272882495,0.0014557189897956846,0.0007627187215142328,0.0002201505922005964,0.00011296687890682833,0.0005839814187780235,0.0014856316177258577,0.0026362236837940145,0.0036507152856302127,0.004252433960516555,0.004371581763251697,0.004167687972511658,0.0039289416164933755,0.003900320511007749,0.004207032056058324,0.004799463493299072,0.005466842090129376,0.0058692726234710335,0.005553885351616827,0.004415093179943597,0.0026714366274660506,0.00047558312843420936,-0.0020717989546170656,-0.004757265692489909,-0.007241958588366515,-0.009228923403270528,-0.010390599491927333,-0.010619444879012008,-0.010153136109636307,-0.009076304152699777,-0.007490527309528261,-0.005678120196250802,-0.003712039564618408,-0.0015590700952472503,0.0007032187610001017,0.0028904107995941786,0.004842422018924708,0.006534905949706626,0.007848103500407433,0.008580978594352473,0.00859215365522914,0.007940304413978083,0.006800738194812084,0.005224423560434843,0.00325890336938528,0.0009412343127124245,-0.0018187856776208378,-0.004883846660419522,-0.007905622823045633,-0.010502065883599698,-0.01238818203574965,-0.013517193586665144,-0.01408033867278391,-0.014008606719073669,-0.012917496405862039,-0.010810277117911937,-0.008118594685413427,-0.0052795829930119,-0.002584816582995586,-0.0001267139865257505,0.0020166568415191932,0.0037251890461220682,0.005010727832654993,0.006060133728169603,0.007191335971157287,0.008537725193491497,0.009997086714008674,0.011452308434911629,0.0128151338429916,0.014053585850604122,0.01515788206063462,0.01617802425357695,0.016924236234672208,0.01692834494804174,0.015884175752489682,0.013944897681028579,0.011427391477525362,0.008639887028039084,0.005959420068535337,0.0037654812601317644,0.002584469527278088,0.002713851809943435,0.0038104865929255993,0.005284901405389064,0.00664691279794738,0.00752240048029762,0.007708980120924025,0.007221133468959806,0.006253956463808663,0.005038397254963911,0.0036747542786486065,0.002018808231696312,-4.421335519921854e-05,-0.0022619455197769867,-0.004407255005389743,-0.00637611252685133,-0.007940252011451321,-0.009036866366329832,-0.00993439375207572,-0.011109231756734061,-0.012875260857470039,-0.015040933831755865,-0.01711076791366395,-0.018762170483910268,-0.01979365293891533,-0.0201223837592579,-0.019978610765747362,-0.01962686724255036,-0.019072906809469714,-0.018241539834207288,-0.01699602769633657,-0.015184641100063345,-0.012887214850820783,-0.010384286319720104,-0.00795628007921323,-0.005735262043060629,-0.003748896304500704,-0.0019130281803114713,-0.00019829687891714798,0.0013980447910455496,0.002846328728267622,0.004095272565507457,0.005315654583171181,0.0066256622410776345,0.00809009215174683,0.00968693392167097,0.011214644324297751,0.012425783957326075,0.013354561012590693,0.01419671047386828,0.015046319745692927,0.0157491246710606,0.01578437114346798,0.014728849251355314,0.012631714341182487,0.009882383800174921,0.007022729064942723,0.004537787923197811,0.0026273596631654073,0.0013542403864974517,0.0008000912155026185,0.0007636071774896891,0.0008561381603655605,0.000977632641507853,0.0010429599406336365,0.0009655319876955559,0.0008672478846172282,0.0009147443358337171,0.001200784027766133,0.0016087327026070852,0.0020018884328010245,0.0022907524765969356,0.002565514689578663,0.003011625837601173,0.0036208607223642275,0.004286376587003815,0.0049023176629248155,0.005422517102005031,0.005663689961465934,0.005433233418727923,0.004890491567266508,0.004545264165045637,0.0046843626755332934,0.00516845410913902,0.005683288506475037,0.005885717691000991,0.005617856402295729,0.004885823745581774,0.003832564932082505,0.002634249263167021,0.0015910295303456223,0.000989119564032137,0.0007433188509153865,0.000652435216963454,0.0006625063275755849,0.000756935958357019,0.0006227438009709374,-0.00017293462495349132,-0.0017909252969516842,-0.004166154976559255,-0.006943837060902069,-0.00952015621891178,-0.011539658117953877,-0.012997541709580673,-0.013927525799317664,-0.01431062202073008,-0.01434971697023002,-0.014402815828873372,-0.014630948896865448,-0.01481084588306203,-0.014660217928508246,-0.014120519864491143,-0.01322537457326689,-0.012134482751946507
16000.0,50.0,-0.00031376784503933663,2.280157312961606e-05,0.0004430104616481856,0.0006465219470896955,0.0005814012049576434,0.0003744618781720277,9.039685666678565e-05,-0.0002521090003426707,-0.0007068260421405625,-0.0012383397640647331,-0.0015792538388126331,-0.001608525757035295,-0.0015110467321832743,-0.0015198720060283222,-0.0016406993541551174,-0.001654272829831882,-0.0014751880828001163,-0.0011971627023044107,-0.0010176046671972472,-0.0010002678685339106,-0.0011204369654294055,-0.0013728512771038481,-0.0017475492164464868,-0.002204725291221621,-0.002836788803861623,-0.00359398977245462,-0.004246659468520875,-0.0046166994671636985,-0.004712735979239824,-0.0046567523170892855,-0.0045724082298193025,-0.0045353201194586745,-0.00453255033505684,-0.004430972921909415,-0.004033471334707883,-0.0034474216814572856,-0.0029365445630702425,-0.0026071891312540174,-0.002409666466363092,-0.002267420473600623,-0.002010247523998032,-0.0015223119431695409,-0.0008588410538301616,-0.00010027423336111951,0.0008775163373719863,0.0021250239345960154,0.0035136100695609684,0.004908163209194072,0.006049013290265748,0.006692208120995247,0.006875337188461117,0.006688718467984245,0.0061878204782317425,0.005494677157713568,0.004794959096443563,0.004351497828736228,0.004407849640841732,0.004915211793132812,0.005679086090282226,0.006366885241249065,0.006629937931990071,0.006446658762371271,0.006113263673057645,0.005705482308826504,0.005218417253871621,0.004883670801092421,0.004803136111064532,0.004708882617165955,0.004314941293159791,0.0035861389413582856,0.002655867969991732,0.0015541138376207186,6.518986739312282e-05,-0.0019566410713878213,-0.004305276579685824,-0.00659321264251389,-0.008525947059467853,-0.009826952585001436,-0.010473327982651881,-0.010550282425469959,-0.009974728598649563,-0.008770588699746895,-0.007202030083419686,-0.005647532663743959,-0.004300011902103051,-0.0032111855396976807,-0.0023215169786539036,-0.0013151013611434337,-7.335702358057805e-06,0.0013862824221888559,0.00250233211929185,0.0031215996454392325,0.0032598246324511138,0.002913085328515308,0.0020362811437024675,0.0008320822364460412,-0.0003853999341885128,-0.001522236336981564,-0.002709225288555217,-0.004220392924025873,-0.006313681133462978,-0.00895506868658913,-0.011712509184746978,-0.013925460784491861,-0.015034041567218992,-0.014861952557509994,-0.013511570529090022,-0.011332149441045658,-0.00858620019528189,-0.005524995572159241,-0.0026270086106450208,-0.000153544288394869,0.00186035586935418,0.0034553202521436788,0.004924648244752916,0.0065182454989098915,0.008125127237690322,0.009647743937080122,0.010974195774338114,0.011811905231695619,0.012169323326816084,0.012292424855786521,0.012388972514543184,0.012524438375294267,0.012568611040819633,0.012257672210580495,0.011423740176041974,0.010177005016487328,0.00872810179686212,0.007317835670761497,0.0062263185718336445,0.005606268782543111,0.005580895301449118,0.006243339178979568,0.007386237399487072,0.008601968914945246,0.009431941450088743,0.00971160662999182,0.00969650137960798,0.009512170606740256,0.008948392249408244,0.007979751082132225,0.006854564027491961,0.005606196396001906,0.004068635650611441,0.0021703874253375943,0.00013097715967358425,-0.0017559521614529672,-0.003422820027410012,-0.005014273440906436,-0.0066851444380233715,-0.008492810898985681,-0.01038785413243204,-0.01213731870564061,-0.01367388779982548,-0.015123713836828756,-0.01628634116457306,-0.016836844807244233,-0.016774400535268796,-0.01635961410784148,-0.015750169168882167,-0.014957018734662597,-0.014086298349980098,-0.013188190095547725,-0.012116919023696937,-0.01073637001525185,-0.00913952913350613,-0.007485340347557212,-0.00563574165113323,-0.0035872118608892833,-0.00160667479320864,0.00018775728194420083,0.0018399576307004395,0.0034693781181260874,0.005011253190190246,0.006307175670627885,0.00741769934364811,0.008537081264137214,0.009692133318139895,0.01072813748947965,0.011490006279757381,0.011915880726576233,0.012167193474965643,0.012198030141519212,0.011787794740314439,0.010965689689612645,0.00985439552181333,0.008481150892691858,0.006679523600894299,0.004413585052986946,0.00211667217087097,0.00038009484448764397,-0.0007096919718563299,-0.001498114965414743,-0.0022675146205131114,-0.003000148129927993,-0.0035311853441299945,-0.0038231005028421805,-0.0038267131685643108,-0.0034979654728317655,-0.0029565248027552116,-0.0025390192170959835,-0.002429666912107109,-0.002504088492116807,-0.00247662335084442,-0.002162566126173715,-0.0016320407247860658,-0.000911520581237113,-6.33618713052897e-05,0.0007529781242965328,0.001476876954065176,0.002050424718902377,0.002378339081232639,0.00258468690894631,0.0027742721453449803,0.002901178186576203,0.002921577424430666,0.0028498394755160916,0.0027414313041873584,0.002778822949522919,0.0029456104222447266,0.0029445708094044676,0.0027916728928545353,0.002685119460110741,0.002699297230179809,0.002937241561085102,0.0033274623056911423,0.003586306807079609,0.003414792892897367,0.00264938693206318,0.0015960408550341754,0.0006238912164668875,-0.00019248758142964562,-0.0009147660962049997,-0.0016018741888501609,-0.0022476109862168414,-0.002994097414443786,-0.003923994906784856,-0.0050470743140351715,-0.006310910460882724,-0.0074698967011954664,-0.008278382424009578,-0.008645980820176646,-0.00865435456631758
16000.0,45.0,0.0007172733518245877,0.000167308666920718,-5.859766838423042e-05,0.00017425581810837087,0.0007635343468592737,0.001357223888831527,0.0015306672596082649,0.001266994509308006,0.0009032891101767859,0.0007516554045849944,0.0009487955976439366,0.001398055671231191,0.0017690950926407822,0.0016988839224296726,0.001283939177199045,0.0010350952317494944,0.001322414955318152,0.002003924137738977,0.0026677993147927737,0.003064959175347326,0.0032318032694433896,0.003248038282777088,0.0030573996667726533,0.0027176747519064293,0.002235169160869077,0.0014969436801237634,0.000499088492755817,-0.0007148387437538872,-0.0019424630792741482,-0.002793758557828596,-0.003017047944808837,-0.0026695092802953013,-0.0018858310468772288,-0.0009221876595688627,-0.0001434355967333545,0.0003206816201473117,0.0005171463812736476,0.0003193585673688659,-0.0003051280061949768,-0.001003094940443816,-0.0014485566079969203,-0.0016471962682729213,-0.0016859257323531551,-0.0016926526846816614,-0.0017753940539932955,-0.0019797961048340085,-0.002226601569788045,-0.00224542340276912,-0.001908227797997597,-0.0012854473041556957,-0.0006103080263386573,-0.00021466632638134087,-7.763069354016494e-05,0.00015773655992479263,0.000614064576964779,0.001215969436252351,0.001817831107864265,0.0021718762344136167,0.0021924584370225375,0.0020639654429999155,0.0020074735207487038,0.0021157620100353824,0.0023532618076416156,0.0025655926272349916,0.0025598116959457684,0.002377142038767488,0.002071776972201178,0.0015837083866543367,0.0011713681136171772,0.0011125491639063512,0.0011635299390633236,0.000932496968530927,0.00030157129571328767,-0.0006529063956151049,-0.0017555960019066674,-0.002915058416874672,-0.004192390878898777,-0.005570055527925888,-0.00700573687950623,-0.008462063050274082,-0.009651738075433514,-0.010095176250501936,-0.009541956558223319,-0.008053284261677618,-0.006000793639771018,-0.003892515199055424,-0.001981811825757518,-0.0002528705578264123,0.0013909638996167928,0.00301647640199576,0.004597372260661814,0.00596841598365927,0.006896528237376742,0.0072420398566919175,0.007024707038283395,0.006279070596804104,0.004973047307288425,0.003218761257528513,0.0012323388975943317,-0.0006666428520318846,-0.0020228665409405266,-0.0027511666278456914,-0.003350311139627138,-0.004342022741354867,-0.00585281423326478,-0.0074877091194025525,-0.008635000270373894,-0.00898557317441373,-0.008637868198491105,-0.007786351119420942,-0.006559245591120089,-0.005022711135893587,-0.0033421823086854374,-0.0016866913421509366,3.1408240591668246e-05,0.0017357768555825714,0.0032419749107504003,0.004661209196399341,0.006136837260584116,0.007564494808320887,0.008649664984261562,0.009198685368971837,0.009209852436242727,0.008839009524308494,0.008286354713504807,0.007513511590673261,0.006354338832892381,0.004853528245973848,0.003279333027350617,0.0019698682685032054,0.0011612841799291118,0.0007907200449963625,0.0006278528252856574,0.0006147447551008156,0.00098002561621513,0.0018749022334674237,0.003073467924608053,0.004226647920546611,0.005173294681526386,0.005850391282535838,0.006237506511297397,0.006490930015701224,0.0067364789302359895,0.00685154466495419,0.006551057030179663,0.005738610475702899,0.004602149328292171,0.0033944738131452823,0.0022931225807099054,0.001320701104035038,0.00022574508928840942,-0.0012907490631874907,-0.003231760858923849,-0.005389451551707225,-0.00752918172253203,-0.009433976266848276,-0.01097853186138309,-0.012115114245148106,-0.012919971759117743,-0.013474425131221324,-0.013883628469102405,-0.01432685170499326,-0.014809936388360256,-0.015012250997870069,-0.014687035587712671,-0.01389335846369022,-0.012684314043553968,-0.01118701487001772,-0.009678608137164701,-0.008293604025766399,-0.006997094459393338,-0.005732778252109938,-0.004234108175182882,-0.0022323629611520346,3.638291751206779e-05,0.0020518746701725377,0.0035558538336033507,0.0045000980719578365,0.004982167567391116,0.005414746429011075,0.006269265995229034,0.0077220283500878395,0.009449564686292433,0.011010958367307921,0.012295736873113583,0.01333034482797757,0.014090121069898487,0.014537679504655898,0.014580485263593346,0.014139583726091587,0.013211104210597568,0.011744201167118717,0.009823309277123826,0.007804418444834482,0.006033006094696702,0.00448391679341853,0.0027422608628313583,0.0006062552682095657,-0.0015594997515577802,-0.0032607347932867015,-0.00424178647762119,-0.004453609925292312,-0.003986319274673633,-0.0030949756091303016,-0.0022495001417155436,-0.0018361966391822193,-0.00187771220794275,-0.0019786703386870386,-0.0016994811113946184,-0.0011323385562533872,-0.0005372748357324042,4.7068002273498166e-05,0.0006538152796942143,0.0013193209857931265,0.0020987542814765447,0.003085967481553098,0.004118368757133339,0.004902370065451578,0.005256945989629003,0.004909902706629055,0.003948353644034341,0.0026299211697278224,0.001068306110241224,-0.0004747969795104723,-0.0017951325981258037,-0.002820365052613738,-0.003588308983282218,-0.004108301698835248,-0.004333066794259821,-0.004330280134468012,-0.0041467544953377455,-0.003807175907866167,-0.0033405176402823145,-0.002863199233260616,-0.0025678768000858554,-0.0025078024101787832,-0.002652021047211406,-0.002938545629049827,-0.003400635772976557,-0.004017028931713185,-0.0045618717692264,-0.004951830945287838,-0.005343281372915953,-0.005774264177915711
16000.0,40.0,-0.001524892656590282,-0.0015087070481811793,-0.001503517088607964,-0.0015449838075554112,-0.0018205501550738745,-0.0021557289286988635,-0.0021386710180593127,-0.0016186180173960452,-0.0008758533343034003,-0.00037367187122328005,-0.00039829894937781773,-0.00086847923297384,-0.0013329726211708248,-0.0014078656018767788,-0.0011419075685026314,-0.0007301432236594962,-0.00027838278904290803,0.00035165020895178145,0.0012925104320160585,0.0023163935214398634,0.0028712159316768293,0.0026600952551802948,0.001801597648842801,0.0006103271221746809,-0.0004921474339170118,-0.001206044264456807,-0.0014886396559887771,-0.0013485152994263672,-0.0010289269436469795,-0.0007624914033499408,-0.0004012314369639114,0.00014380861779184073,0.000853190351701727,0.0017855092959706553,0.00284555001783815,0.0037287866128110636,0.004062256753201154,0.003601402509545437,0.002475803118073827,0.0011530419952165971,0.00022948871969408202,-1.891431455902648e-05,0.00018401456747252354,0.00047426595983779407,0.0007094709819632783,0.0009481436746838767,0.0012464566045977676,0.0016428514104660508,0.0018982071470219353,0.0016592685003757879,0.0011183914905288361,0.000706156189078655,0.0007251700906429903,0.0012564924656288667,0.002058327730480869,0.002839700474766005,0.003349603039382032,0.0033141518418489113,0.0026298057065332614,0.0016972880878540764,0.0013727439185373669,0.0020100807684997335,0.003148932448127084,0.00412621536938218,0.004464316916141797,0.004150762400456642,0.0034672302806626476,0.0027164930305190182,0.0021509309888756434,0.0017799856033562378,0.0013596626047274185,0.0007272798474566855,-6.439552363568524e-05,-0.0011576706260285619,-0.0026662541063871004,-0.004237556971986578,-0.005394266811009629,-0.006077790715153242,-0.006702135735281445,-0.007520057465626451,-0.008215344848849782,-0.008505204540654177,-0.008393276296203567,-0.00800959210067731,-0.007507177990362379,-0.006890555237504259,-0.006104983629739991,-0.0051265933720401335,-0.00382244991214975,-0.002015194455751157,0.0001091289072996382,0.002096937290474443,0.0037458476320750833,0.004984414214703747,0.005678010950305179,0.005904444932980368,0.00586291593052124,0.005580351292167052,0.005026251859163722,0.004238791984079171,0.003134410508920382,0.0016512782252675606,-6.228197124702461e-05,-0.0019424599706496792,-0.003982110197142674,-0.005890910426131768,-0.00740878247640353,-0.008612802027130328,-0.009602887374171587,-0.010328338184706354,-0.010635368141720392,-0.010450383669535768,-0.00971619673606483,-0.008321509703534957,-0.006274767816449867,-0.003963303463194734,-0.0018111911970208894,0.000144280420943943,0.002115882358211252,0.004031189160258464,0.005682950110497131,0.006984191003311935,0.007956924008567512,0.008655039351879168,0.00906101060849096,0.009205986195581772,0.009143087176255449,0.008806535056748999,0.00827227530919572,0.00778878650464776,0.007371572241510194,0.006767282734188029,0.005771642719309966,0.00463446614418217,0.0038345415731555477,0.0036013072524099243,0.0037179326284331182,0.003756268629473425,0.003475225440752183,0.002980081958980918,0.002649271912957829,0.0026962749810621744,0.003127640146871613,0.0038665972645901547,0.004785287721631448,0.005595601759722513,0.00588634296860846,0.005527712954034314,0.004801264719134224,0.003990798802533391,0.0031998133032118403,0.0023903798940239085,0.001485050526994769,0.000514838227605452,-0.0004305658329872841,-0.001417341244369652,-0.002603606441553552,-0.0041517247417743874,-0.006002546459882296,-0.007907216215130575,-0.00963231983064361,-0.011184441817135848,-0.012898681234219112,-0.014930980896110668,-0.016909819322563635,-0.01818351513804828,-0.018399974877070235,-0.01773844005015235,-0.01644228397879033,-0.01472936617119558,-0.012895867484985502,-0.01114584513572936,-0.009586242910586407,-0.00819331447132754,-0.006770548122148057,-0.005180318396469374,-0.0034583269581389686,-0.0017239178973227354,-9.527456601432505e-05,0.0013691209277411076,0.002582447367061036,0.003705691975497416,0.0051168402848134065,0.006726560641823198,0.008205049084608618,0.00965020863219479,0.011218936002421742,0.01256065296217912,0.01325452192446619,0.013232440032595605,0.012665001491996009,0.011767019358899233,0.010613994128050308,0.009176073234584692,0.007569017412834,0.006106535277439207,0.005040321493510191,0.004253382090979585,0.0032739144728566316,0.001918804226619386,0.0003673007453741661,-0.0011798079180280752,-0.0024750519411753658,-0.0032373772551608226,-0.0032599498656082915,-0.002705280444104119,-0.0020932429123377005,-0.0018648909083651688,-0.002079244554309412,-0.0023878947708055875,-0.002531280962614346,-0.0024362984962778,-0.0021358257384918033,-0.00150973411550126,-0.0005981856676662289,0.00022474350158674383,0.0008405387497134598,0.0013805800946897762,0.0019950583407535305,0.002623800066103854,0.003111886526241392,0.0036832581429280253,0.004411527143588501,0.004891260729777969,0.0046014312360398435,0.0033610434435615844,0.0016436768612848596,0.00021256855997631163,-0.0005199519703680267,-0.0006201835156538493,-0.00035223782224313993,-7.818924674385386e-05,-0.00010396979804871975,-0.000441600450651336,-0.0009977757509105345,-0.001694835272125772,-0.0023082011857411544,-0.0026304685096789626,-0.0027839957006392524,-0.002998738812820534,-0.0033486771133794946,-0.003642157464511797,-0.003694424766109705,-0.0036524494539946772
16000.0,35.0,0.002485734507118309,0.0032695453011655218,0.0036108176448834683,0.0033357436812764263,0.0027041144878836576,0.0019936314821222823,0.0013195767811780001,0.0008343568613788932,0.0005543751568914956,0.0004662171759761691,0.0005419182325105965,0.0007201342855367443,0.0008157308162282106,0.0005003466529984735,-0.00019064069767260605,-0.0009386362798124992,-0.0016508087119504467,-0.002271105525863959,-0.002730805803707881,-0.0031045392923090276,-0.00343037798167245,-0.0036932070734962963,-0.003922832281233468,-0.004085824567567897,-0.0040113072863334764,-0.0037012943820968758,-0.0033273408472922483,-0.002990388603407723,-0.0028118696260293063,-0.0027231243926451043,-0.002640958118860226,-0.0024827155886697483,-0.0022099664320762713,-0.0020526149668853577,-0.00213105288970894,-0.0022464470283978244,-0.002087791717286791,-0.0015775252215632918,-0.0009251590604719695,-0.00031797553479151475,0.00022869400817526753,0.0008933601636229582,0.0017576583521972111,0.0025199333730796525,0.0029490583308700025,0.0031922904319969803,0.0034225990930281114,0.003636439149801163,0.0037093594862369628,0.0036079121912280243,0.003282085270228663,0.00278520295715623,0.0022797117527062483,0.0018032556559077761,0.0012946662630852757,0.0007801913559646323,0.00031213134854546354,-0.00010882137552181703,-0.0004948083609512821,-0.0007676418944946306,-0.0007805607826760763,-0.000691722346068957,-0.0007100504073598302,-0.0009633609465709014,-0.0013560927936140388,-0.001419247164236026,-0.000965897584137565,-0.0003412232163491069,0.00019555231045575994,0.0005883681319929224,0.000726272986195653,0.0007735819207432826,0.001134319305151621,0.001723613696213988,0.002179421754178179,0.002180547076235939,0.0016295742533145585,0.0008474143053938121,0.00023372287438760964,8.865896732046519e-06,8.747056551294818e-05,7.72610517230099e-05,-0.0002851976155238134,-0.0007010450553401881,-0.0008360276360086516,-0.0007510628230456007,-0.0007054050676913448,-0.0007526001488677991,-0.0007281443781259611,-0.0005299176097928182,-0.0002561266754241842,-1.7634472007643787e-05,0.00033666899823536767,0.0010717540188664998,0.002243635055521054,0.003610892251870723,0.004668944786345719,0.0052055706412090785,0.005445397466274926,0.005349798826159713,0.004680295262460277,0.0036253544610787003,0.002509364493974431,0.0013815959487573082,0.00017041375255377744,-0.001019643258715064,-0.002176099300754686,-0.0033002200972021,-0.004169026457390146,-0.004600289038592109,-0.004606095060921689,-0.0044013330757763924,-0.004207443282666645,-0.004152353572095535,-0.004271218934093213,-0.004580158030620396,-0.0048768105109786575,-0.004844078027588239,-0.0044960226652790425,-0.004020037636109919,-0.0033956675249413593,-0.0025308746209873334,-0.001461954113324282,-0.0002980342916902856,0.0008179346089320916,0.0018201593565692065,0.0025706490269783444,0.0029058688788552445,0.002980721447443102,0.0029278335311744286,0.002796534559479369,0.0026908635319955465,0.0026144957310236805,0.0025372388634536946,0.0025271873482779483,0.002695363487958957,0.003009359650363308,0.0033361284845767614,0.0035417051513775277,0.0037282603670973913,0.003969887529819971,0.004129461661506184,0.004183603685703474,0.004340130921320906,0.00476866679477439,0.00550198597792928,0.00638828367982569,0.0070775278970813815,0.00735215399672029,0.007191802264827629,0.006746070813079541,0.006088568316187093,0.005152374971117979,0.003965077599588085,0.0027955311399097127,0.001960868800665594,0.001466701426977579,0.0009765684927387497,0.00025388890989574975,-0.0006565569199423749,-0.0016421793924692452,-0.002837614365702734,-0.004342379789079587,-0.006176921640843602,-0.008391285000186599,-0.010654973792156852,-0.012447702424367435,-0.013526166853239374,-0.014059303943270152,-0.014308984219724152,-0.014345850729569065,-0.014240638002149808,-0.014010625548621647,-0.013466294745967389,-0.012475049437910002,-0.011087309736979023,-0.009558295488432123,-0.00807881139763822,-0.006732091328842671,-0.005568668637323526,-0.004507809236997673,-0.003267254689021115,-0.001720207754019043,8.097172932153285e-05,0.0020683603718651966,0.00401248101411511,0.005718596707282586,0.007128075019124935,0.00830684143693361,0.00936723765221359,0.010417248397232015,0.011415734135766797,0.012238056790181417,0.01276321270893277,0.01297385843201937,0.012852263253648744,0.012293330797774615,0.011402418564898653,0.01040067765245567,0.00954091827765069,0.008872479639876474,0.008137162055277258,0.007069242080603999,0.005588842721948595,0.003892449917941576,0.0021106105752011217,0.00023072367627552381,-0.0018332230178330633,-0.003971563966587155,-0.00575960745763382,-0.006856831991086665,-0.007306653504457472,-0.007499099119456787,-0.00775860620194635,-0.008078638202846378,-0.008050898614442303,-0.007447044758635002,-0.0065326397624687615,-0.005687114335017895,-0.00506363573293811,-0.004326513369790064,-0.003148483251891321,-0.0016246554102039568,-0.00016299964156196722,0.0007878667718230759,0.0011658025655947313,0.0012311127672859357,0.001196869936492817,0.0011797575139027572,0.0011200396166088922,0.000916998532662916,0.0007066184304349576,0.0005094222821355743,0.0003350432431492578,0.00025698482231106823,0.00023939550342078064,0.0002487337003032053,0.0002478402205685626,0.0003789954461375089,0.0007276444446979724,0.001040057484580359,0.0010114904469560315,0.0006476835734403608,0.00010536578554098952
16000.0,30.0,-0.004122500563141784,-0.00403016375827292,-0.0036222378430039726,-0.002853854264017741,-0.0019998305234025793,-0.0012580954056318205,-0.0005836890415444884,0.0002168923235457143,0.0013276266752626498,0.002630162310168771,0.0037450615941736487,0.004497230587929835,0.004965873046103297,0.005143965253751048,0.005092137378426287,0.005138968361961815,0.00526172305725936,0.005104620726115172,0.004676085296750898,0.004233724038016362,0.0038579139882699565,0.0034967773121508117,0.0031830282853917424,0.0028784779004809025,0.0024099724438286785,0.0016207876152307676,0.00047001263991930387,-0.0007338923913025042,-0.0015182975987571012,-0.0016919136092141684,-0.0015617209747631478,-0.001562143747690925,-0.0017314907285737036,-0.0016945203018536859,-0.0011589488257968128,-0.0001970720808763815,0.0007746981389722407,0.0013653244090860994,0.0014073677778725369,0.0009522564958786006,0.0002584271963090856,-0.0004086453675444801,-0.0010287486418292247,-0.001730772858365981,-0.002562218437418551,-0.0034180405172890005,-0.004309058443396907,-0.005242388301240908,-0.005918163292761847,-0.006006345198983354,-0.005381235457235789,-0.004281528465099882,-0.0030639801806842115,-0.0018416084213157546,-0.0006690086262750583,0.0002452624769944123,0.0008023143815982792,0.000960712953634868,0.0008201309076305563,0.0006256456464015514,0.0005998597729650612,0.000942504962964108,0.0015191103930334293,0.0019502039982910446,0.001965580143092893,0.0015577744649775127,0.00108610365145978,0.0008996103306735392,0.0009381894150450876,0.0010528318217239985,0.0012405846350205252,0.0013506178397904023,0.0011087682993959902,0.0005479710019073991,2.0903513295311704e-05,-0.00015158317656638332,-1.77682191876416e-05,0.0002965886425343456,0.0007697448234367243,0.0011562413249066594,0.0013443173241256545,0.001496401336176234,0.0015160555033588707,0.0012056512455060897,0.0006160419396827876,-6.499384364033745e-05,-0.0006051468770529311,-0.0008011392660378647,-0.000593904814216728,-0.00034769470635964694,-0.0005224258803337989,-0.0009497000963420987,-0.0011512840680794056,-0.001008122585410831,-0.0006527969831360281,-0.00028375812810566003,-3.2945660088934403e-06,0.00023082369349225473,0.0005189541574246448,0.0007581358318908826,0.0006848573930184898,0.00030823252283873614,-0.00023027281470522354,-0.0007131378265690103,-0.0008980336474451178,-0.000708252456682601,-0.00037116695827954516,-0.00034924632630328745,-0.0008727635836258685,-0.001811700012233075,-0.0029840783177803587,-0.0041167749209591875,-0.00480559991800078,-0.004851105295244906,-0.004437628042808228,-0.0038477012687110346,-0.0031379556730826152,-0.002423565792497584,-0.0018037243920687729,-0.0010570020414490955,-3.064451470358165e-05,0.0011809517808103465,0.0024421582534017716,0.0035052865055007487,0.004234732120522722,0.0044666088605538334,0.004058313685106896,0.0032289459994672143,0.0022648076747344703,0.0012623052603188967,0.0003714996366088741,-9.706240672313626e-05,9.930128941348926e-05,0.0009248981025500314,0.0019738608525443624,0.002732845949537932,0.0028471125457230073,0.002478844907116695,0.002121864683957142,0.001995904330698295,0.0019145567353717752,0.001689179462971424,0.0014502949952088784,0.0013880865346038718,0.0016480938835883308,0.00227982455136555,0.0031231663921715835,0.00400561050994952,0.0047933017555124025,0.005307501549367544,0.005539146474831114,0.005450863316269761,0.005158228510993013,0.004856258062346797,0.004629658434396333,0.004676555587224129,0.004992102287104672,0.005077255949004211,0.004339642423190071,0.0026806277197977124,0.0006293153775871474,-0.0010211885781430396,-0.001905132940294152,-0.002103664353825252,-0.0019700343578676893,-0.0020396346833706502,-0.0026201498748434915,-0.003772700374327087,-0.005480903286780858,-0.007361633524993749,-0.008851854360614198,-0.009809904888413712,-0.01042318498178929,-0.010959216645289871,-0.011647713016316175,-0.012514079550385304,-0.013313671054504539,-0.013531738396466153,-0.012822608752571796,-0.011261935384254684,-0.009254622845844551,-0.007324804318642464,-0.005838993288875827,-0.004907793726971477,-0.004305754863764832,-0.0034311615770832304,-0.0019047692312312847,-1.0257274196678878e-05,0.0018039603144615057,0.0033803577714763833,0.004870809089396744,0.006406696506644494,0.007706297822096531,0.008634405190832695,0.009331406758406047,0.009755432017755084,0.00978443637222881,0.00953961531990899,0.009467275852159673,0.009783130749951852,0.010247980242183985,0.010534039418530483,0.01051657250172866,0.010108142767251138,0.009421069258053194,0.008612035529154127,0.007667807722100406,0.006617983050460907,0.005433446581548651,0.004113757778867466,0.002797692966183263,0.0015967658306692556,0.0006074532543642874,3.705745345999878e-06,-0.00023558568984505257,-0.0005184945806036012,-0.001207249744616945,-0.002222818151764727,-0.0031994933369361434,-0.004001015518895201,-0.004717919832586404,-0.005350632825695811,-0.005932619728810096,-0.006404317964836537,-0.006666978968894455,-0.0067517769153369045,-0.0067396954683829335,-0.006713507971767285,-0.00663109656073857,-0.006384540007786654,-0.005851946927037943,-0.0050036894627680795,-0.0039988141686819745,-0.0030353253244186362,-0.0022234221130901233,-0.001599348986580651,-0.0011695856505511415,-0.0008822824693055509,-0.000743035244443746,-0.0006709616751088276,-0.0005705175221137893,-0.0004100005057683376,-2.2991613821132795e-05,0.0007242820232455927
16000.0,25.0,0.00021413067152753484,0.000701403657377142,0.0014356412725291534,0.0023327715314991337,0.0032569937857829245,0.0039478766922229624,0.0041940668715767515,0.004066365910659897,0.0037303449218484275,0.003327688569143561,0.0029654902977682696,0.0024818176402874315,0.0017913749372766574,0.0011583284331706523,0.0008616910518455256,0.0009985009485902197,0.0015592016566756683,0.0021895618651512905,0.0023246953251288005,0.0019002728279815528,0.001245935576932311,0.0004838397460460442,-0.00042633369057298864,-0.001463693943826172,-0.0023788990777262597,-0.0029374189747244372,-0.0032939402316856103,-0.0037140397424195726,-0.00425295221262445,-0.00477127359843621,-0.005126198576732577,-0.005401583624831119,-0.00564385693735403,-0.0056508318024839355,-0.005203707242884548,-0.004309811174607603,-0.003138963755588975,-0.002057948256251052,-0.0013480575544733142,-0.0008904465498282832,-0.00047231807354108923,3.634420542297789e-05,0.0006844457223209588,0.0014124771352541643,0.0022049215786523746,0.002821734179647706,0.0029380671229262134,0.0025065374220645253,0.0018092720655005223,0.0012848222485928318,0.0010927219129541754,0.0010410102779800923,0.0009875095186018257,0.0010239684655743986,0.0012711086627703594,0.0015800566410817396,0.0017154002662778112,0.0014379615276283175,0.0007416834368889624,-5.7116339435836494e-05,-0.0006278468300813245,-0.000995851956453464,-0.0012174539154585773,-0.001229632506927203,-0.00106460085191884,-0.0007618067288106545,-0.0004344816451062883,-0.0003290105687892009,-0.0004926865027066185,-0.0008938724760376715,-0.0015178178713881607,-0.002180029712306464,-0.0026011297560302182,-0.0025128987779510226,-0.0018892272191095572,-0.0009123108934971924,0.00016063735064353324,0.0010381995263486488,0.0014249185165127187,0.0013316489022585642,0.0010550599283121187,0.0007896590048517282,0.0007224443265840819,0.0008323557953993088,0.0009079794693889198,0.0009553454694000152,0.0009905021247647028,0.0009334258921356309,0.0008066481371749035,0.0006817035269612859,0.0004606572345799975,6.62147003893665e-05,-0.0002666857290556379,-0.000266924593539386,4.4641856183913475e-05,0.0005023453319985549,0.0010725625942953343,0.0017252469453055141,0.0023475517085813635,0.002823652422989653,0.0030951825547020917,0.0032283855588843835,0.003399097669998241,0.0035493055161595066,0.0035299259071308597,0.0032890969947629856,0.002651043828905131,0.0016468266750280236,0.000690914603307391,8.280206381661159e-05,-0.0001608775473949109,-0.00020349336105063287,-0.000407651690181865,-0.0008653180949558248,-0.0014286130056717639,-0.0019660735262050366,-0.0024418471689102716,-0.003006056736865048,-0.0036190548335923722,-0.003961874828206646,-0.003780875612591217,-0.0031318112547751298,-0.0022148620715256584,-0.0012130911830610103,-0.00024240484619575398,0.0005285414328426441,0.0009857484828401653,0.0012608680766135194,0.0014248825452867209,0.001418142270281919,0.0013220634587085556,0.0012593591725007514,0.0011608504157933908,0.0009648180032684195,0.0007189107642524561,0.00041019582175394476,-0.00014619561117257263,-0.0009796828903674282,-0.001705182217648371,-0.002155766454237096,-0.002413824695679523,-0.002488574679659905,-0.0023872728238671925,-0.002177662938862568,-0.001967037421835016,-0.0019084940294789021,-0.0020167212344546215,-0.0021185317944372173,-0.002099968421376275,-0.0019286936492335371,-0.0014956056393344852,-0.0007880036068108609,-2.8432232263009283e-05,0.0005362200683478591,0.0008957611319360126,0.0011408578526328483,0.0012699893359169323,0.0013040060142799348,0.00120459175967369,0.001051749132230384,0.0010560775587364901,0.0015397202401956633,0.0026523330198813255,0.004016903698556007,0.0050327479961254085,0.005371438405177287,0.004900198469215411,0.0037423872889519316,0.0024466275672097026,0.0015047588730610073,0.0010358590651904365,0.0009058142569351446,0.0007575882698951375,0.0002670488552514172,-0.0005680405035235481,-0.0014311679619183337,-0.0019888888314056885,-0.0023216213396182184,-0.0027873985342097285,-0.003466917641858913,-0.004198279501821389,-0.004923537577639081,-0.0054844035979328964,-0.005700959260224181,-0.005598506991333352,-0.005384102497174581,-0.005313084194824569,-0.005510083500581686,-0.005815273151910105,-0.005760832699763796,-0.005079591858248023,-0.00394341181930713,-0.0026383886186920336,-0.00142795819613184,-0.0005359131471927014,1.812120939415074e-05,0.0004813412446402765,0.0011073137962114288,0.0019049584132346808,0.002703650636703969,0.003235960388536796,0.0034544747062881243,0.003528387360063334,0.003678991777888996,0.004142226561754114,0.004863128122423177,0.005474686926021377,0.0055582329849812595,0.005061854047028191,0.004379959950284729,0.003966392991827661,0.003947698612449813,0.004132473918616597,0.004300650946476026,0.004246385021389187,0.003957294492096253,0.0035382499152802893,0.003050884433974943,0.002482846594986654,0.001828889262256439,0.0011502512275995969,0.00047731163466124826,-0.0001233447372017693,-0.0005354692800274563,-0.000631355856484106,-0.0005255220147937223,-0.0006584708334145262,-0.001335841881555666,-0.0022694210954909977,-0.003131058745609039,-0.003809175641578122,-0.004107613804649191,-0.003921100777404263,-0.00331799121511267,-0.0025710251705390874,-0.002136410159891966,-0.002048719194291948,-0.0020616794937922123,-0.0019895338709829957,-0.0017634617099915317,-0.001451376019367956,-0.0011647478537213374,-0.0009657963317977192,-0.0007730009410344962
16000.0,20.0,0.00020901461117439624,-0.00047915266199183293,-0.0011787696374554457,-0.0015906987949065865,-0.0014779394374997423,-0.0009246917676009048,-9.748352125527049e-05,0.0008538200146901431,0.0016489601906144458,0.002081646632845491,0.0020744554962703887,0.0016537133884497734,0.001089258017117345,0.0007056857875831213,0.0006114964645753673,0.0008222245106992432,0.0012930988502191099,0.0018624949360557252,0.0022871962102044563,0.002413006461310374,0.0023230659618178606,0.0021851547238327385,0.0019964563335861385,0.0017121010165155326,0.0014633771971972465,0.0012889449507724748,0.0012035896723716633,0.0011491873008750986,0.000996854820911608,0.0006782437944607977,5.049268989032463e-05,-0.0009172149151304154,-0.0017768280180519014,-0.002089888706535703,-0.0018518137023804115,-0.0013627471373567346,-0.0009603309258920945,-0.0008385423466705788,-0.001077187117282108,-0.0015132535224893218,-0.001794258186471609,-0.0017205348257220976,-0.0014817297389058126,-0.001299205742988363,-0.0011338201488797495,-0.0010099600045165857,-0.001082004263963654,-0.00139890954375943,-0.0015469356906550047,-0.001100249447105739,-0.0002486711669913433,0.0004969044065106232,0.0006751708081509378,0.00011225063240027922,-0.0009650884535972182,-0.002099629803353764,-0.002960806488871981,-0.003392505387722622,-0.00340835670797901,-0.003250180125036195,-0.0030658133809424726,-0.0028163626986099644,-0.0025971447215056287,-0.002465082138414232,-0.0021890760315557145,-0.0016522323509349235,-0.0011436112057339187,-0.0009953993185263244,-0.0011634219143630276,-0.0015043120082935957,-0.0018783314903458859,-0.0019419799102138313,-0.0013795065090249636,-0.00025231705613748545,0.0009387705057761764,0.0015634220584814784,0.0014196076536521218,0.000669221456028879,-0.00036563235772391067,-0.001289819473448972,-0.0018046554250972235,-0.0018545086577503866,-0.0015408623266210952,-0.0009156439495505708,-0.0001372325308945932,0.00036278177684145874,0.00033566485702074544,-4.047884423485915e-06,-4.992660798674997e-05,0.0005476577524810011,0.0014743243292869579,0.0021879380529554737,0.0022936650356797372,0.0017524046658223824,0.0010626801660862384,0.0007109327015974998,0.0007768195531276945,0.00114590292810135,0.001677901151353467,0.0020593273752922414,0.0021161288277227186,0.002064727500084018,0.0021254920046231973,0.0022089767792721204,0.0023563277995464205,0.0026906450401043003,0.0029965341319382333,0.003194574160758634,0.0032318085985139078,0.0028645632532686705,0.0020793398114449246,0.001168997898481905,0.0004465100789108334,5.8060081048472156e-05,-7.909310012488291e-05,-0.0001385955517019255,-6.543077191167868e-05,0.0002367651075196875,0.0006143587305551534,0.0009695779734641974,0.00137301636726761,0.0016821033455016732,0.0016409593683874846,0.0013708453261429554,0.001051839615406891,0.0007005822588723731,0.000242136727335307,-0.0004867403702313311,-0.0013066381310267161,-0.001893791568008396,-0.0021329544797055178,-0.00217731632723428,-0.0022289596834923486,-0.0023779824775971292,-0.0025822082250215317,-0.0026258875074347543,-0.002416667532756378,-0.002104167728944617,-0.0018354410213916594,-0.0016008485648200121,-0.0012835499330066114,-0.0007112592737001933,0.00010763619856524187,0.0009887332064195675,0.001673969074467152,0.0019625885361307382,0.0017610058966610609,0.0011165547375568963,0.0003823822647408548,-4.8012482878334595e-05,-8.924067040894101e-05,0.00017827310461182577,0.0005739194119946944,0.0009579386173186322,0.001234452540188613,0.0011713472414243142,0.0008027777331776065,0.0005902491273523935,0.0007144577152118359,0.000873322525407616,0.0007794727086007924,0.00033663857812449294,-0.00026714253031911994,-0.0007243489696939776,-0.0009641206721866524,-0.0009024450076111634,-0.000666940613847089,-0.0005207124176287437,-0.00034135450022176883,-1.700592965059311e-05,0.0004058781644111775,0.0010355911683745944,0.002001341314894489,0.0030842182141554986,0.0038335477015039032,0.003810437743112516,0.0028619266956297906,0.0014592359542930922,0.00031948030332351607,-0.0002883755734206517,-0.0006661277640596097,-0.0011480471018288085,-0.001702681218240798,-0.0021845087960770115,-0.002591842518384624,-0.00290308377337567,-0.0030027291764156416,-0.0030563185315912733,-0.00324490811998146,-0.003407599091787006,-0.003299948314605672,-0.0027579607486671875,-0.0018622694497594239,-0.0009974046033534023,-0.0005185637474980354,-0.0004825987387491182,-0.0006214926906444873,-0.0005337043029740585,-0.00019131642103875635,0.00022391892506856692,0.000595232474420726,0.0008572579313081974,0.0009769282049987282,0.0010025260621659982,0.0009956101498787007,0.0009494995900638514,0.0008267467266342976,0.0007688494840785154,0.001026838503115357,0.0014036373174874939,0.0014801491143856538,0.0014296794859092188,0.0016847735428981991,0.002198313087120596,0.0026663458108089344,0.00298916846830366,0.003199773335182954,0.003256168445986418,0.0029781725974231676,0.002431495005339457,0.0018999002371344886,0.001587608156050635,0.0016560300908352588,0.0020240844555985404,0.0023542134908183243,0.0022738178007131182,0.0016698191718234057,0.0008175243260133414,-4.214788587586504e-05,-0.0009310375803650572,-0.0018067709550706468,-0.0024896962269593814,-0.0029670952361726677,-0.003143077798029026,-0.0028173812172127555,-0.0021823556295430535,-0.0015912962059161373,-0.00120338439213441,-0.0010783430814953476,-0.001267452254261059,-0.0017209434988174621,-0.0021682871054196085,-0.0024908834994619156,-0.0026564177524335264
24000.0,90.0,-0.002713297586609542,-0.0025789503865780716,-0.0027732875995667428,-0.00307472070026904,-0.0030846125653738454,-0.0026518951479204134,-0.0019390833383425843,-0.0012264737003775394,-0.0007800025625392948,-0.0006798853702250085,-0.0008089555691981332,-0.0009947858092829165,-0.0010001761641120765,-0.0006831814003405157,-0.00014814477422575578,0.00041431025277205435,0.0007647234512297985,0.0007690679759697616,0.0006103577088190093,0.0007327549123026245,0.001243892100433186,0.0018581129967998322,0.002444656477251783,0.003010165006145371,0.003536950954341478,0.003970965334332277,0.004448152068903255,0.005025803773150983,0.005396494362486237,0.005518996815112587,0.0056763242994861685,0.005952231152406284,0.006190496559810299,0.00626113427770747,0.006194050605756729,0.0062614811113803626,0.006618365411270588,0.006897182380782851,0.00654422560586454,0.005545615966440209,0.004123439811820617,0.0025078186194349428,0.0009725520389025633,-0.0003013816973762573,-0.0010664517047231925,-0.0012434586693643723,-0.0008655700600712635,0.00016334743280221886,0.0019292869524178968,0.004361961902787925,0.007259716383600789,0.010233932812298008,0.012808909488626341,0.014539637049892917,0.015041969447793235,0.014225907563059081,0.011994572446383245,0.008173708820891079,0.002978669311204385,-0.00253723775323067,-0.007109353550305286,-0.010483864443244784,-0.013021318245876046,-0.014964824046614922,-0.016501344290986708,-0.017961632181595633,-0.019647904636599378,-0.021645224279609465,-0.023867983145464677,-0.025973667661105537,-0.027378391109778022,-0.027584427186866378,-0.026256671503688267,-0.023195068976633593,-0.018283643044014752,-0.011427262691654505,-0.0027611186670384313,0.007021124570627535,0.0164772639976718,0.023663085713110377,0.027004512404005254,0.02596453718695102,0.021357694279799944,0.014906310852325078,0.00828682100717515,0.002732990722620343,-0.0011047455172885634,-0.0033812961319767965,-0.00517088283302769,-0.008353413072370586,-0.014477213206021133,-0.023602396481692267,-0.03433207140801642,-0.04447900892046164,-0.05160194405107177,-0.05375397194029574,-0.05009963999214051,-0.04110609097551787,-0.02835722057170642,-0.013903638240719829,0.0002492598905057264,0.012630674284253018,0.022742343119830366,0.031006809564360083,0.03832828099348262,0.04564314437516259,0.053405003086481884,0.06134595764706319,0.06846619271527743,0.07351373909614267,0.0753885061044457,0.07327479067953391,0.06709173305807781,0.057611718062844375,0.0460251357026209,0.03369431667010758,0.02155208989051971,0.009917774157486292,-0.0008563067477318498,-0.010144843187731567,-0.017474016900109746,-0.02271173471513066,-0.02584745750766615,-0.02704297052957827,-0.026667002828162367,-0.02510000740585383,-0.022800540122602797,-0.02033907620102582,-0.018197027884525596,-0.016660971269288893,-0.01567528329360357,-0.014951705651355951,-0.014176087859141262,-0.013223112382831914,-0.012146512240462926,-0.010972839525891231,-0.0099586845436761,-0.009422401525682744,-0.009485931151687055,-0.01022773687964218,-0.011595309601375448,-0.013349141347873683,-0.015170442679846019,-0.016672778713200387,-0.01759947032553555,-0.018062390694240094,-0.018101001586501297,-0.017576239130789872,-0.01638028379602474,-0.014588774632784407,-0.012201389232302517,-0.009235090914216926,-0.006007644159922165,-0.0026922550855346117,0.0007589296968646408,0.004264396391562286,0.007661846268547379,0.010822101437213405,0.013607476034849242,0.01578487385245353,0.017219690562342294,0.018106330657019498,0.018706442617144603,0.01882999178803857,0.018086089070834532,0.01616235678625344,0.012958107475924407,0.008843805687774875,0.004421269572674191,6.559825599383728e-05,-0.004114578455727269,-0.008122920114317367,-0.011935455290768004,-0.015106367712292013,-0.01715341468866427,-0.018137271240448172,-0.018310327476456223,-0.017795905193906947,-0.016730803409359396,-0.015362511263106171,-0.013772745610651782,-0.011725806992046728,-0.009022146585380142,-0.005701773719835046,-0.0019458685773798834,0.0021292736462896755,0.006399772711773721,0.010702202679624406,0.014818414051376294,0.018534407786319207,0.02182061464850449,0.02478308935849327,0.027345691933078342,0.029165757808868875,0.029891314312635586,0.02945617971761294,0.028158149589785353,0.02654349096076203,0.02492985196056452,0.023310541052978806,0.02175696067752142,0.020554178803422474,0.019705250764445736,0.018809835466981895,0.017376969196902792,0.015156937038796059,0.012198018595199756,0.008911683835322037,0.005803930669401325,0.0030700668673944165,0.0006227109383694085,-0.0017743428948335804,-0.00433321689641275,-0.00712024261773081,-0.009954322699456952,-0.012624354894796852,-0.014995006125673171,-0.016911897660065733,-0.018373235377566743,-0.0195455989171478,-0.02038731850007025,-0.02061662840446843,-0.020010617163279676,-0.01862793652662731,-0.016784509782041823,-0.014800494163580424,-0.012953949912741791,-0.011312695669118966,-0.009831497393975042,-0.00870728023016909,-0.008273712381878795,-0.00843212610845967,-0.008801126050173025,-0.009109901277781773,-0.009251896138096072,-0.009258876332296495,-0.009087125718565403,-0.008577504928553026,-0.007654286093838891,-0.006456234213914058,-0.005187229312753061,-0.00402702360347007,-0.0031679558976094313,-0.002617071004351601
24000.0,85.0,-0.0013591577863181215,-0.0013205343485367393,-0.001439224961430341,-0.001631995871775871,-0.0017035509669582893,-0.0017278530828335192,-0.0017860333212382784,-0.0015498459182694546,-0.0008020182296064604,0.00016041951100831398,0.0010489454860262981,0.0019352299762687153,0.0028982829469725857,0.0038504439636710686,0.004719209467651808,0.005467821750926305,0.006136875896345373,0.0067831558148157,0.007313761152261122,0.007710612592859434,0.007981251215483098,0.008000302642585666,0.007657290801432737,0.006932086460409437,0.005940205216603545,0.005014110460166421,0.004361346395143073,0.0039361682802052655,0.0034665752490781188,0.002771610052576534,0.002111163022178175,0.0017679326891339997,0.0016718495476908402,0.0016805984381917938,0.0019584502908287504,0.0026285731369313226,0.0033840470425872127,0.0038544514247007555,0.0038598653162580376,0.003173282081547768,0.0017317161038477025,-0.00011586473447344758,-0.0019099439807490626,-0.003287063510271082,-0.004239251172322156,-0.0048800901097934,-0.005102008149293624,-0.004744356019159568,-0.003679462290406832,-0.0018560248893351172,0.0006780397354688716,0.00360536245302967,0.00634844932179135,0.008444965615694855,0.009684777424467939,0.009913298626429423,0.00900091468025721,0.006954968156946961,0.004152936217138858,0.000993399917881277,-0.002299387569237865,-0.005367802646816244,-0.007818663938508053,-0.009737767037165668,-0.01136780181099084,-0.012832255258388159,-0.01405057226122608,-0.014812981952161408,-0.015260694041785428,-0.015819919596538057,-0.016479761555387995,-0.01668743543348228,-0.016006008962676788,-0.014186395169701882,-0.011021378476527843,-0.006691008636039442,-0.0015501635530767999,0.004029411027062224,0.009565170877579021,0.014422552041537529,0.017577413302660716,0.01802751192769847,0.015667895425508505,0.011313091796694152,0.005980635986446714,0.0005828794114037805,-0.00416554879478781,-0.007797935630549091,-0.010022144891763674,-0.010997329269457623,-0.011599225580027905,-0.013174100033097602,-0.01698130169813794,-0.02321255010429013,-0.030669070838484913,-0.03720619190517027,-0.040598134631864013,-0.039590013045653905,-0.034059471687442056,-0.024750230309678045,-0.013161863599009394,-0.0011101497499055313,0.00986461579088882,0.01906172109045201,0.02663180431738965,0.0332088703203226,0.03955249283649209,0.04599745295763569,0.0522193879248789,0.05741254938129714,0.06060582791178604,0.06103203276097702,0.05837518202156389,0.052694336005743025,0.044426268885899844,0.03462410091970014,0.024562488931678672,0.01510222880085621,0.0067296785921655555,-0.00034692593242624525,-0.006015012044002788,-0.010219786794607444,-0.013058627956752389,-0.014455249441880369,-0.01424833317997809,-0.012617656253155474,-0.010141254946915979,-0.007608346841436742,-0.005676402459187102,-0.004523433627667828,-0.0038275786984343085,-0.0030648510396247275,-0.002099464380123095,-0.0011091602081236829,-0.00026857993606910213,5.406395123253027e-05,-0.0005129280333804331,-0.0020112180809661595,-0.00437326308500019,-0.007367460863605402,-0.010591940657889154,-0.013785764529927746,-0.016915796763328217,-0.020081204255006924,-0.023174210994625355,-0.02599347226350801,-0.028319890432726424,-0.02985526137422312,-0.030456458688377097,-0.03009161630984636,-0.0288051698049685,-0.026810189623915903,-0.024265474962703593,-0.02109347718715071,-0.017234258464782215,-0.012857539033461762,-0.008113742566706605,-0.003080908639319091,0.002078252014925397,0.0070334764679103046,0.011597514948391563,0.015686493881617025,0.018962605707883995,0.02110076202654909,0.02211160499143716,0.022098749496990422,0.02095063322826718,0.018725769379557278,0.015713792933524928,0.012103726021450711,0.008037676302308228,0.003864173869772003,0.00012572434759938744,-0.002843553392750664,-0.005051449480930614,-0.006569649713128456,-0.007410430491461284,-0.007564521453673478,-0.0070240107064023505,-0.0060292264514316685,-0.004869570968679682,-0.003666482895070544,-0.0025672486358985225,-0.001559245732529746,-0.0004520214758052532,0.0008590598787883152,0.0025523085867007467,0.004820100762970014,0.007599074258735072,0.010524172644466034,0.01309769182000764,0.014998905228935655,0.016485573794966513,0.017925987805256227,0.019218655111785665,0.0200446663711773,0.02029908863221408,0.019895251668344827,0.01886369105363883,0.01747859812439856,0.016038246286598223,0.014769382161716749,0.013752766925279047,0.01289720685804241,0.012028259277485631,0.011174493330656787,0.010285376106367039,0.009183210636365402,0.007914892741212043,0.006587020706660951,0.0051431885417230205,0.0034648552915683695,0.0015596447466847962,-0.00035566982692358806,-0.002167941604014345,-0.003972564055487737,-0.005792221369205208,-0.007602876550549809,-0.009263116496072143,-0.010708950171078868,-0.011985095582645044,-0.013212687832719894,-0.014595468833533687,-0.01622109380150505,-0.018084900688108974,-0.019970329390162078,-0.021480163425735554,-0.02233200291357207,-0.022387220965924826,-0.021479152678693936,-0.019629693426281847,-0.01723341114256982,-0.014791822877668892,-0.012564683515847719,-0.010704128250438316,-0.009329572669969366,-0.008393365114045537,-0.007674510804633883,-0.007064105300713663,-0.0066564620482267856,-0.006286384746090334,-0.005658050916679258,-0.004692539690154263,-0.0034696896467067972
24000.0,80.0,0.0047189803176195255,0.005681043635519245,0.006062151225449952,0.005760835364299055,0.005153779181199525,0.004581964141436856,0.004266253128548669,0.004224069538594222,0.0042960248691770175,0.004329004266168113,0.004231693662148928,0.003957187910685889,0.003512198309962855,0.0030126066086211267,0.0027363515897604884,0.002944386290337775,0.0034556617567460535,0.003722242292170108,0.003284232441558288,0.002196293147349593,0.0008744532875581967,-0.0002560824052810773,-0.0012015632933071174,-0.0022367883101281905,-0.003308397555912279,-0.004119126373325344,-0.004618688098645407,-0.005206107989152997,-0.006134821983749816,-0.006988460921064643,-0.007334609364306743,-0.006960418463819451,-0.005877198283599228,-0.004477183068729573,-0.00318826298695285,-0.0020832913172341705,-0.0010146623541373856,0.00012175879748888008,0.0012387618708586956,0.002173927482473914,0.0027784246015016834,0.0028618469816166225,0.002399119125584548,0.0016206614938951702,0.0008134861118058723,0.00024897445216609526,0.00012862855225392877,0.00042619308082691987,0.0009481713192371899,0.0015131117470090771,0.002175672308979415,0.003226793499067071,0.0050219903791060005,0.007593880191336666,0.010377533499195124,0.012480448674523359,0.013228465434167447,0.01238412483672846,0.009995165584086863,0.006474037306247737,0.0025060722386172074,-0.0012004747196314725,-0.004168090761424992,-0.006414416109379317,-0.00814965517292876,-0.009523482447093556,-0.010590201604543381,-0.011469450278411841,-0.01232035984344293,-0.01313370479039122,-0.01369325364208862,-0.013794021924695699,-0.013272767773742089,-0.011928859677823311,-0.009556601732185754,-0.00619991213923754,-0.0021087727120061572,0.002330981407894228,0.0066201204518279155,0.010192554356081018,0.012359694601116189,0.012296734297478906,0.009580233495398716,0.0048754302817144435,-0.0004564060518408297,-0.005170121664122007,-0.008795492334456867,-0.011501013474912725,-0.0136190339006248,-0.015228645011688968,-0.016135425440211293,-0.01657241810448795,-0.01740366073477162,-0.019359081449010773,-0.02247887920248104,-0.02601657378420441,-0.02865047754596617,-0.029126729472750412,-0.026745169634523336,-0.021543785422295514,-0.014072679910270836,-0.005072763986646578,0.004777036100023224,0.014663778635792823,0.023422435546649467,0.0302686125053242,0.03527470227027152,0.03913008583822375,0.042500065688955146,0.045685638383474725,0.04850738122286202,0.05035347783177713,0.05049442819426986,0.04834994271618598,0.043588865850097136,0.036329179664562616,0.027555151049796223,0.0187311535171375,0.010743470113538933,0.0038590246553837915,-0.001967535911973073,-0.006687792097892498,-0.010036505848631805,-0.01171667651789221,-0.011573211722293308,-0.009787379795511697,-0.00690506407607927,-0.003697371964150875,-0.000809634359555389,0.0014318227714582576,0.0029287097191854627,0.0036973770711767884,0.003958192884567779,0.004084991012121009,0.004509043805001056,0.005325099472486272,0.006143629605048773,0.006289235798817572,0.005213335541043307,0.002681558974870768,-0.0010532744676439165,-0.005334841013393543,-0.009649270715783587,-0.013953294519808424,-0.01837875274190992,-0.022771523333631194,-0.026847684964081964,-0.03031313156043325,-0.032879210465353026,-0.03446348273428157,-0.03504218426542138,-0.03471512854957837,-0.03367184575608917,-0.03198152853656211,-0.029581116223198478,-0.026370383210405635,-0.02249676533949696,-0.01840348673454173,-0.014278028537262344,-0.009894759678275022,-0.00492457763456855,0.0005066196351322105,0.005858153073745598,0.010663290694878924,0.01457147114081181,0.0171852008179485,0.01835032215069532,0.01834031415626214,0.017586767597776998,0.01628104051576429,0.014382579571758924,0.011956236889432148,0.009330469730173263,0.006808498653754214,0.004575759326996831,0.002709918955901003,0.0012208775101996139,0.00026482760429047403,-0.00019567399089925885,-0.0004595935576556798,-0.0006034819866052032,-0.00028506433324970715,0.0008483935221015315,0.0025388187108177362,0.004060322744692257,0.00486617057759986,0.005060951213664566,0.005038630845888292,0.0051086477270700925,0.0054553273010071734,0.006269305963257921,0.007606347551813997,0.00921929022013046,0.010710824227544435,0.011929917498321174,0.012864227016962104,0.013421455058448828,0.013659597897230924,0.013615725436011417,0.013362076778378196,0.013063668369284187,0.012688993855647368,0.012095045853754982,0.011331319882401658,0.01058596765801667,0.009846418791426004,0.009083821694844119,0.008264713358130393,0.007081998543156942,0.005485107923419719,0.0037408831587981695,0.0019218437952162049,0.0002183137559619297,-0.0009647418419689302,-0.0015201829794975197,-0.0015949819243132879,-0.00136028033281832,-0.0012224242729175216,-0.00169297498242571,-0.0027939677238464355,-0.004272453502096596,-0.005896075183642324,-0.007440492666432874,-0.008701193543458885,-0.00962464952181108,-0.010382635196037882,-0.011230100405157373,-0.012286017536666805,-0.013372367213548841,-0.014216565702440676,-0.014596724717819143,-0.014467319786604094,-0.013866707782028698,-0.012839591612134882,-0.011593545679033923,-0.010420896146001724,-0.009535649603265028,-0.008938104478772857,-0.008534822626415917,-0.00826152302124683,-0.008049786615060839,-0.007912038135771127,-0.008010315077910946,-0.008321881850292812
24000.0,75.0,0.00021435234143218906,5.5677691623845504e-05,-0.00022505640406844662,-0.00021987750509211423,0.00038383454747936696,0.0013066087101165635,0.0021030204244709694,0.0026318678347792,0.0028027464793467516,0.002559860101669642,0.001971030672009988,0.0011723748638559073,0.00045053230590674787,-1.961634153724301e-05,-0.0002231271695185555,-0.00020526183530655828,-7.707891963582014e-05,9.710232834816979e-07,-3.092757647205069e-05,-0.00014790144109433356,-0.0004191459956892629,-0.0008413799656992182,-0.0012088982037639084,-0.001313145370218649,-0.001097352209100677,-0.0006784195982767471,-0.0002543743271576915,-3.811795497299375e-06,1.7982535599481153e-05,-0.00015270221198626643,-0.0004383201024360517,-0.0007642696475684829,-0.00081447382171973,-0.00023085802713929127,0.0009743854612054292,0.0023575092988892266,0.003468668463568747,0.004159586008967153,0.004629795657962177,0.004996196345530279,0.0050361745884686115,0.004465176228762857,0.003398286319011845,0.0022380948205835693,0.0014246134272255517,0.001172170027707864,0.0012525357417914051,0.0011993214199534918,0.0009387766120028118,0.0009432726821856363,0.0015433075928328321,0.0027412911940416507,0.004334562930807806,0.006009224229330812,0.0074572170660758275,0.008306955123771331,0.00832659363680932,0.007427464421283503,0.005683262305211656,0.003203602272350281,0.00011320078902032904,-0.003288216365859853,-0.0065151888328784935,-0.009126948974369498,-0.01082238476612929,-0.011547372835707392,-0.011557753865076847,-0.011146809697493154,-0.01053721998545143,-0.010024280072684633,-0.009898039721178975,-0.010158081487077197,-0.010610980538672266,-0.010867773347911225,-0.010450313503440611,-0.008862265588049922,-0.005813300951729161,-0.0014577189455522443,0.0036678651227362025,0.008889587732596738,0.013389542807829002,0.016098459454383374,0.01600940535695372,0.012859920239804978,0.0074705068797698004,0.0012363730039766097,-0.004586175883503074,-0.009322342009454587,-0.012728754938962084,-0.014752529864381358,-0.015578653034253875,-0.015481257165106399,-0.014944106396796997,-0.014429992312159357,-0.014326180242107966,-0.01492078816056619,-0.016078580244993645,-0.01727395826378597,-0.017701777821343967,-0.016555350867974994,-0.013316698854737297,-0.008181238797533297,-0.001712640029793988,0.00554297763244449,0.012956031802957568,0.01973613450445555,0.025212692378318025,0.029218277575182583,0.031878705897270265,0.03333903109137282,0.033918343689265384,0.034080560595839415,0.03426206873768933,0.03427027550628736,0.033303226842917866,0.030536796202795813,0.02568464374519408,0.019168338027952814,0.011737181004889408,0.004178336343585443,-0.002809009469473267,-0.008683538332832086,-0.013081388416935624,-0.0156893555924853,-0.016265362390299742,-0.014770056289137301,-0.011734079485847815,-0.007962040804443404,-0.004212914017642788,-0.001151666761955994,0.0010478248269052415,0.0027128193025305336,0.004038823497864996,0.004968198297206072,0.005628980837002473,0.0064018870205018175,0.007394709733432592,0.008227156733653374,0.008472606616294343,0.008069585888392794,0.006948859265776264,0.004931717256795309,0.0020391923705176396,-0.0015016904386655483,-0.005556180848742542,-0.010049310716908622,-0.01457487641687294,-0.018553881986349552,-0.021741394462537755,-0.024147311705746688,-0.025797865177423773,-0.026775804684575633,-0.027086700882250625,-0.026588786283809895,-0.025391372560079617,-0.023722940056813968,-0.021640932601485474,-0.019041973331468398,-0.01601086374591887,-0.012697976004005795,-0.009023628955162621,-0.00497599561555262,-0.0007058685302929746,0.0035367950790288205,0.00736793959177362,0.010554804141804652,0.013065531767608718,0.014661777569813239,0.015011709209034052,0.014030937300901769,0.012057362219763945,0.009678896795151104,0.007427123804859548,0.0056282152272046915,0.004197894032387239,0.0027788573664366822,0.001156944762215062,-0.0006200586710747302,-0.00234211294802833,-0.0036318159590820187,-0.0041472136835807305,-0.0038692133941253815,-0.003032864626106857,-0.00199406735568175,-0.001016346340421137,-0.00012511205960130667,0.000781747222511342,0.0016165915273091969,0.002243934149603888,0.002806850307734976,0.003630020062317385,0.004864964875395117,0.006446378542079856,0.008195249812104066,0.009836322867329272,0.011118134857213136,0.011853759751545567,0.01201202959322245,0.01187430864746375,0.01162832496959254,0.01130755933331784,0.01091653789586644,0.010538101946622191,0.010406582262589836,0.01052750242536149,0.010848409282004923,0.0114477716195438,0.01208021416232441,0.012276852423553919,0.011802790744752656,0.010621693746770688,0.008807991669357307,0.006633975591086028,0.004418111210213738,0.0022616728490021387,0.00013851003677345375,-0.0016666108493268439,-0.0028091982073874533,-0.003588604968740583,-0.0044039305535648055,-0.005259459090467544,-0.006003757935246767,-0.006634788274340053,-0.007347968011828243,-0.00829327362339427,-0.009466885941833425,-0.010717216447631017,-0.011679203382186643,-0.012118130499061408,-0.012051874165308618,-0.0115679634760113,-0.010899402269615166,-0.010345652334819988,-0.009946309553754418,-0.009542334034051692,-0.009086762453591746,-0.00845410408345515,-0.0074695529761470425,-0.006206418490251053,-0.005170979200386228,-0.004774131756590805,-0.004866794967028909,-0.005266206137832796,-0.005794671409375951
24000.0,70.0,-0.0013800136589026124,-0.0012942336091725792,-0.0011083651774157488,-0.0006995645729368505,-7.217496739153617e-05,0.000612590478343833,0.0009789981048058394,0.0008540948503998891,0.0005234380151541984,0.0003686541349967598,0.00043585876574603333,0.00030425290065139166,-0.0001733069937559506,-0.0007337129792617247,-0.0010637135616775595,-0.0008219307456869274,1.3416038245617212e-05,0.0011711162040128897,0.0023444277630346733,0.003276353632841733,0.003924050417936087,0.00447354997490379,0.005025611926612328,0.0054981641461893105,0.005777523348626801,0.005711318529222353,0.005190167406965429,0.00439464775681131,0.003635739709295649,0.0031188305271712125,0.0029938054257883095,0.0030143703089180462,0.0027141675573716384,0.0020963588642786135,0.0012483959421771829,0.00015740621306381541,-0.0008112670535354027,-0.0013625666150929305,-0.0015637500183629527,-0.0015303525113807837,-0.0012958891737469003,-0.0009907051845559067,-0.000954184842250072,-0.0014693311012337062,-0.0024040811563708075,-0.003316018126753306,-0.003900903600140282,-0.00417863965651577,-0.004366900174801458,-0.004622710214619019,-0.004729532765423983,-0.00424338475468744,-0.0028389988138144417,-0.0005329973129519772,0.0023331241383317547,0.004982350976234784,0.00673280453611369,0.007471163243621959,0.007262539014618596,0.006121787077262297,0.004106596396269424,0.0015295216204691542,-0.0010727789767628337,-0.0031748628170902293,-0.0046015911081553895,-0.005737359476398751,-0.006981411448947483,-0.008163186571152892,-0.008875189472234979,-0.008884660118724241,-0.008192918343752353,-0.007177072713915322,-0.0062875691320130045,-0.005724622109681832,-0.005243735667903593,-0.0043576369179731955,-0.00284257350990913,-0.0007241215960185343,0.0019273271867348285,0.004872808379019489,0.007777440913514511,0.01052267339929358,0.012895762679931977,0.014227255817900186,0.013505998985863243,0.01028172924577575,0.005172371864148317,-0.0006709309774421968,-0.006401249308396473,-0.011518338283167395,-0.015715453827169767,-0.018810007773595316,-0.020748405660242497,-0.021540639494332936,-0.021247599235607595,-0.02024515666221305,-0.018992670547390844,-0.017916807593110207,-0.017047961264893274,-0.01590076514901284,-0.013872658577440689,-0.010461522315097227,-0.005463270280614552,0.0007697119608351954,0.007495872367258016,0.01400323945688342,0.019693704444989635,0.024096042494647918,0.027073964403712125,0.0288963946104559,0.029992992978122857,0.030459929689641285,0.030215613122663854,0.02921416886181305,0.027329308593948554,0.024578563184718405,0.021153599760737052,0.017026954068910527,0.011972296043438746,0.006059394319635203,2.9202432139108225e-05,-0.005431814997791662,-0.0101615711400882,-0.013763352235685034,-0.015809773046271403,-0.016394105628592115,-0.015673812470140547,-0.013584004143751827,-0.010177420683987748,-0.005887945242477599,-0.001304381713751468,0.0031769202823994647,0.00717722725696035,0.010382113835305518,0.012775542401755047,0.014439828888157535,0.015287710652955866,0.015359983507323705,0.014935009673422428,0.014215113530724466,0.013321534986232564,0.012209451227818136,0.010565447183807919,0.00811272204970237,0.004735366765373783,0.0003888873112423141,-0.004726218083561662,-0.010123853755317214,-0.015229042915620994,-0.019617548474570867,-0.023088192691034237,-0.02554934397380748,-0.02695708012367959,-0.027441322103527455,-0.02745484195543213,-0.027445134165304808,-0.027315790518400718,-0.026533342634138535,-0.02468250848153275,-0.02173266899774262,-0.01804649940595482,-0.013995714809311721,-0.009777642695496525,-0.0055401301324309316,-0.0014684213844873284,0.002275272192875377,0.005612515341368862,0.008494169811967822,0.01082575895594573,0.012420862560702517,0.013100478923888659,0.012992170006498327,0.012221872403017642,0.010761923796565043,0.008639596593695842,0.0061123057726319985,0.0037194252122674243,0.0017318351197559423,0.00018264058321282306,-0.0008126880279846205,-0.0011016980661082698,-0.000530562316303218,0.0007942942970018407,0.002403081511559435,0.003914043311681326,0.005194662033858322,0.006160679966171756,0.006785481065918475,0.007163303727963921,0.00740753902661595,0.007676761448749403,0.008241224591643004,0.009007715462416854,0.009608315920672794,0.009687346036457711,0.009083673369048029,0.00813123168796892,0.0073561294833268676,0.0071107337795695,0.007410958513531796,0.007986269423554404,0.008536934714697963,0.00875890471263574,0.008373388205029642,0.007456200101785271,0.006366609905938958,0.005289012783293856,0.004412962439914736,0.0037876026759420256,0.00339570949137169,0.0032935518756715965,0.0035609575288475526,0.003845558982362718,0.0034689073835636464,0.0021589510179609306,0.00032770078317589935,-0.0014009184923224893,-0.0026989190882176217,-0.0035883167548433903,-0.004168909661927955,-0.0044903538665153064,-0.004759271199361592,-0.005348158360618527,-0.006294237575588113,-0.007173416971539837,-0.007709338945005584,-0.007929776835169378,-0.00798444421690192,-0.008193691947155912,-0.008625186787014627,-0.008995669098510461,-0.008938384254975063,-0.008360285796982225,-0.007690462489051697,-0.007277756175483319,-0.007046560668300117,-0.006857331591447746,-0.0065674945481930536,-0.006015984599372359,-0.005121862489687601,-0.004127976183099236,-0.0034444989083226574,-0.003251426683448244,-0.003498597855866592
24000.0,65.0,0.0032680480543945123,0.002910387042476259,0.0026287219068166223,0.002257080966572289,0.0017622073800183102,0.001307229324787329,0.0010421817853156767,0.0010917926562825642,0.0014967053152403764,0.0020115058507741423,0.0022539605737392776,0.002000966059512166,0.0014318489727216388,0.0009903772246744325,0.0010324785471027553,0.0014390525437946167,0.001805751548289436,0.001878034616709101,0.001660658610624921,0.0012932261928000344,0.0008546032770340162,0.0003802996528801117,-8.259137124211335e-05,-0.0005328040231233899,-0.001072430477755404,-0.0018181781635817629,-0.0027085664822124045,-0.0035291425337646842,-0.004130761510623415,-0.0045932773140577865,-0.0050183595057262664,-0.0053305213576493315,-0.005462240881826119,-0.005549650072822487,-0.005649525292028557,-0.005523283608255269,-0.004927379393393494,-0.003804747628066707,-0.002360081241548073,-0.0008764650116788175,0.0004924357588365069,0.0016157014615103549,0.0023234045798403713,0.0026088144977620686,0.0024537445408867598,0.0019897867797880053,0.001375860647634397,0.0007424539871792035,0.00022958057677158195,-0.000153189808060894,-0.00041562869812494796,-0.0004900351791015112,-0.00010343630119091785,0.0008095558112763968,0.002041000701780149,0.003484366128958527,0.004798983432863224,0.005521531232233201,0.005590497842433706,0.005214367160277789,0.0045241423940467484,0.0035954814681105063,0.0024458337577470957,0.0012053941178535865,-5.788640400350431e-05,-0.0014202681253294713,-0.0027483140208062196,-0.003701972284275712,-0.004157746591459954,-0.004387555652130004,-0.004595066993573482,-0.004681385057381249,-0.004538618370020231,-0.004136243791919014,-0.003529291747739194,-0.0026473334635568335,-0.0013278151911322311,0.00031090371943598427,0.0021699866348257046,0.004125731312143444,0.006070518310252737,0.008031495468685534,0.009897339836584251,0.011207188954642788,0.011405789202001415,0.010221758550699178,0.007557442671668468,0.003598307873886597,-0.001156159390447442,-0.006172839128737451,-0.010924905424758435,-0.015093888805495226,-0.018614384700299524,-0.02141507060571257,-0.023431182327726674,-0.024530635300834547,-0.02454614822511303,-0.023650700953226078,-0.02233549345476149,-0.020928252908447575,-0.0194248706009148,-0.017565030319133257,-0.015111075057916423,-0.011881216899212177,-0.007574755045425263,-0.0021095509783464195,0.004066130099289467,0.0102772004240137,0.0161331534798137,0.021431313612652048,0.025780705570355167,0.028914866945228823,0.03106919521655982,0.03252593927527414,0.033476201366511305,0.03384863234145996,0.0333929968121538,0.031778245812574824,0.028659732365099444,0.023966228113181387,0.017899003168508898,0.011136195077199318,0.004669991060524126,-0.0007791206013685326,-0.004947918519349059,-0.007901491017037188,-0.00987646142647236,-0.0110679492237864,-0.011725069803958377,-0.011875409100525758,-0.011152084589127753,-0.009247373533582959,-0.006260490348353187,-0.0026363624616720926,0.0010984744225339682,0.0045471644227745855,0.00752399920145308,0.009786901955521898,0.011307955460893027,0.012277929783977015,0.012790734693624017,0.012926887116293528,0.012618354361393358,0.01160774409925125,0.009621783370050707,0.006545775921296126,0.0027246676026493333,-0.0012245930935961269,-0.0049798112300436514,-0.008560745001773284,-0.011959054191379437,-0.015074197889930474,-0.01785599579307018,-0.020273638767775992,-0.022068890714876943,-0.023310043673063774,-0.02440291346772483,-0.025316152729715213,-0.025697012517866824,-0.02536742904624134,-0.024271068710390864,-0.02235942453410189,-0.019727050215578856,-0.016551290116240125,-0.013139226595626496,-0.00971480496048116,-0.0060453269057347825,-0.0019159542841151733,0.0022781241337810343,0.0058854441320477235,0.008589757349852789,0.010425174501449419,0.011476727124204444,0.011683999545653023,0.010973868036501244,0.009397834510593839,0.007151802705607224,0.004579145507221938,0.002128510701027153,0.00031169983261136736,-0.0005732136432179402,-0.0008214432467568145,-0.0008394045458715027,-0.0006710022537603777,-0.00046213483040347114,-0.00030184565957824816,4.9262389306692356e-05,0.0007176007010833985,0.0015391957708388304,0.0022905368712855534,0.0027636539723374653,0.003080361077323346,0.0035979155210696945,0.004450876556205685,0.005392320368002856,0.006028793464452065,0.00632789376453502,0.006493869886270431,0.006582240974495335,0.0066071330628858504,0.006659851781165571,0.006745089375925772,0.006837775679002789,0.006773364091827716,0.006346529968226378,0.005479707354538732,0.004416797150241791,0.0035255645070009223,0.002976222601702716,0.0028279725228230745,0.003136368276202006,0.0038323886286661946,0.004689265420410038,0.005427973626126459,0.005797839985888231,0.0057403677367062755,0.005538671743465784,0.005369433786484024,0.005103582445542543,0.004554432386782992,0.0036471921038838673,0.0024660846698054684,0.0011750465045423653,-4.1585120763576455e-05,-0.0011725741488888275,-0.0021530333071950736,-0.0028123672279889433,-0.003131422232627301,-0.0031218669871435623,-0.00316784087850408,-0.0038580623140660464,-0.005131686187098694,-0.0064997309756620325,-0.007515801314639248,-0.007969741311342204,-0.007874456642298355,-0.0072561352482125585,-0.006374249572616009,-0.005570423233791644,-0.004944464837564055,-0.004476656378926691,-0.004244830709154712,-0.004134644182585134,-0.0037989615897515705
24000.0,60.0,0.0011142465838887006,0.0011322934811985874,0.0013224157324742691,0.0013603210780033237,0.0010748801848592393,0.0002600841209066118,-0.001236723057296274,-0.003199026599176591,-0.005048364393189786,-0.006358062076827764,-0.006973465360715636,-0.006916613060070631,-0.006348125580757369,-0.0054810387339898625,-0.004380140250503928,-0.00298970137535548,-0.0014247450996762723,0.0002108108687615129,0.0017730059642673268,0.0030841029730055425,0.004145044751879823,0.005030543981376923,0.005636159539079699,0.0058416596004917665,0.005741554787164205,0.00555873613805602,0.005380270451382785,0.00511060926911,0.0046961030619740995,0.004230068739730086,0.0037220599935494647,0.0029921476407679393,0.0020115082932647965,0.0010148102358442657,0.0003235635093190581,1.8299917137198918e-05,-0.00013465589754346752,-0.0003513095092610996,-0.0005116995160925342,-0.0004661421248997044,-0.00029991986671973336,-7.4531131266653e-05,0.0002294586604056903,0.00044131884258113985,0.0002760106865284939,-0.0002958301936750729,-0.0011272985878107988,-0.0023071531352059083,-0.003879865762002055,-0.005403165914685815,-0.006381014383549655,-0.006562455912018095,-0.0060606573093480165,-0.005167282157714226,-0.0038820520131821468,-0.0021987487386354587,-0.00041526637684086154,0.001210408440144306,0.002508691698821508,0.003204882581542279,0.0032752354162113306,0.00257954768656532,0.0009953463608880497,-0.0010607910105875362,-0.0028176025956838657,-0.003766599032672957,-0.0041244905268911225,-0.004296143885085257,-0.004401738973314195,-0.004404911546629364,-0.004369542061510856,-0.004342630255393942,-0.0041525214378168585,-0.0036754765897484276,-0.002947978305911647,-0.001988792464047151,-0.0008267844742171349,0.0004646764084625943,0.0020103865239207153,0.004045068280333908,0.006560687548784472,0.009239233378366407,0.011756639217708198,0.01383124814680059,0.01504820446029953,0.014926161640005375,0.013302065227094317,0.01059823251381431,0.007333304186118994,0.0036691556459800267,-0.0002839209423122213,-0.004399884012684652,-0.008595673506306412,-0.012734930443514259,-0.016419994253169534,-0.019042287746628972,-0.020294901759143613,-0.020444401727104378,-0.019997852263031746,-0.019427670139293696,-0.018935505607942105,-0.018334072038328486,-0.01738343158308453,-0.01584636244444937,-0.013513498764439191,-0.010474048295350258,-0.006843761113373148,-0.002519514818999369,0.002323654157976307,0.007101102372786272,0.01156438056426623,0.015721004942292893,0.01952503758673174,0.02290849465680367,0.025650273016708525,0.027614353470539754,0.028703416532493975,0.02870384818720595,0.027427967452808844,0.024835893341901283,0.02094174256228598,0.015980656797864867,0.01050688691606183,0.005050889928526203,-4.70006707165016e-05,-0.004576752310470056,-0.00829967472526505,-0.010913449699501143,-0.01225244350422372,-0.012524199455299367,-0.011935573418497825,-0.010618712131815755,-0.00870449579082333,-0.00645347419947484,-0.004144102838665731,-0.0020069179651471813,5.103785883503464e-06,0.0022581783110098286,0.00468766003791643,0.00676292755130703,0.008165449649766288,0.008946638097029336,0.009337258077835031,0.009525972011203976,0.009394457656242139,0.008825906228082658,0.007973913973557956,0.006688805953558585,0.004778810680505785,0.0022714585767857898,-0.0007500924326109271,-0.0040134486845033734,-0.007298824655777025,-0.010481067569401148,-0.013322224212686251,-0.015558905275270263,-0.017135748819896435,-0.018235153831369644,-0.01881485545141004,-0.018652141164920977,-0.01784994729803202,-0.01678878547295426,-0.015543934139827797,-0.013958851852180487,-0.012084964140512966,-0.010050329457556018,-0.007983550709411702,-0.0057870521708025535,-0.0030182725208049987,0.0005500354061105384,0.00467631711131844,0.008878992652228135,0.012659689296867782,0.015526683938560382,0.01717218900409989,0.01752198386384407,0.01669039129126304,0.01484997014244982,0.012492627377014287,0.010084126422782447,0.007687210867857175,0.005454175333596822,0.003425923988942259,0.001480689015842529,-0.00022759819029438688,-0.0016012299264289709,-0.002589839898092805,-0.0029968267867275244,-0.0026442712464103124,-0.0015139033360256349,6.0245607114151056e-05,0.0016269402491886353,0.002726792569518466,0.0033228768625548355,0.0037097307448163974,0.0040156491465381805,0.004159322664065712,0.004174624201880306,0.004298175593220321,0.00449990888995444,0.004424142829861921,0.004000790365665807,0.003413181515199426,0.002846811675283334,0.0025021209548725665,0.002243273122815026,0.001864513876626006,0.0014772343348568029,0.0011616984041395995,0.00077676615140021,0.00015505208228461242,-0.0007769173082650127,-0.0016124624968583134,-0.001831137019792095,-0.0012799596937895785,-0.000268303379513668,0.0007111278788052289,0.0014875021214777462,0.0018731556306050834,0.0014583368956877507,0.00022499302421152834,-0.0013775230955914708,-0.0026581328249619673,-0.0031162863400879814,-0.002996333847704591,-0.0029974012161204655,-0.003433994422152864,-0.004046921464606612,-0.004547331400317489,-0.004852888757511664,-0.004757387817022618,-0.004165348066464958,-0.003132396564353712,-0.0018995005568456236,-0.0009467981954003335,-0.0006597606905245357,-0.001130538218596655,-0.0020695576363749524,-0.002958967293409387,-0.0035896079442210294,-0.004059296454528294,-0.004294500755008812,-0.004083709814750591,-0.003375036472519355
24000.0,55.0,0.0003222548616843568,0.0012122763903832379,0.0018139812985040749,0.0018101886656296529,0.0014949328441815624,0.0012304030017062928,0.0008898296544046502,0.00031138852607526246,-0.00036258890334650573,-0.0008909031845583115,-0.0011015398593272607,-0.0009012263157970324,-0.00031890223795016936,0.00031801145050636137,0.0006899930626858009,0.0008390195205265627,0.0008603389112238347,0.0007814309754827775,0.0006879767866507791,0.000609028771858533,0.00047936848934782006,0.0003345732579873584,0.0004324461067017893,0.0007710064808819084,0.0009694923752689988,0.0007690991177256024,0.0001256537651705969,-0.0009095454389651536,-0.002102577667528749,-0.002960975686860934,-0.003129808190394101,-0.002725095260558419,-0.0021735317989879377,-0.0018896850750849126,-0.001991161679981701,-0.0022853627879015903,-0.002594810144529447,-0.0027800648449982646,-0.0026482041004527446,-0.002151417488605034,-0.0014422097960320457,-0.0006752035597301642,8.413732210943436e-05,0.0007199484897135733,0.0011226057861080108,0.0013025241996089676,0.0012733223364591595,0.001100167845713429,0.0009677652013095894,0.0008629787995317884,0.0006047753964288916,0.00015053169821754864,-0.0003857057173650702,-0.000704505453974491,-0.0005942747960396844,-4.877179909934526e-05,0.0010962422081206569,0.0028830631215726044,0.004821787413789025,0.0062685483470659165,0.006856923029374684,0.006495165294495564,0.005401974867424997,0.004047256751960049,0.0028296487375456536,0.0019389059247032492,0.001245707537123053,0.00047162812544243593,-0.0005446451623036808,-0.0017276751140826718,-0.003037337270583862,-0.004296643041357129,-0.005072392283977933,-0.004972119604929048,-0.003915198387716146,-0.002331992376980452,-0.000834737279298281,0.00018290501058171316,0.0007869824236728107,0.0012353655876040648,0.00176272629826002,0.002575702762186438,0.003554935457117381,0.0043759116330477354,0.004867162672894665,0.00490870277758404,0.004457805680146976,0.0037174847644649844,0.002757634121053343,0.001575483743465611,0.00022693638634940783,-0.0013191445713545136,-0.002969045675982329,-0.004697649824692007,-0.006567781429822617,-0.008480934177157451,-0.010194963095955245,-0.011595168381006715,-0.012681252492541262,-0.013310931024079764,-0.01338404320705422,-0.013005447385694424,-0.012344697708499552,-0.011457772508549624,-0.010536739480926371,-0.009715432902623888,-0.008653073813036372,-0.006811068153922406,-0.004042647105961805,-0.0007706913995875198,0.002441665314378838,0.00529033261642553,0.0077119937103020675,0.00975636282873893,0.011573574099088546,0.01318743247935572,0.014605785025878504,0.01591001286271876,0.017044325062443022,0.017778576832938597,0.01794084703021781,0.017478217984034927,0.01628426993249832,0.014285300942162849,0.011278617151333492,0.007091624176780442,0.0022320409964748933,-0.0024057902336949155,-0.006025641319240549,-0.008355156566608457,-0.00953051948471284,-0.009702948666756583,-0.009200133987974368,-0.008325458544788944,-0.007112239241990892,-0.005610966358204905,-0.004140340958969091,-0.0029180593497102336,-0.0018025428927259668,-0.0005911811595815664,0.0008683549990173844,0.0026422193322162,0.004639596262734358,0.006660520135426395,0.008414523300359633,0.009538305256739932,0.009806497835995742,0.009201265527281066,0.008009036100986577,0.006489583093127749,0.004561888200527164,0.0021690276241770334,-0.0006000062113820093,-0.0035909282214419136,-0.006421293274883055,-0.008717890409570828,-0.010358149005185169,-0.011651420273040003,-0.012740251520426682,-0.013455930591987908,-0.01389196668810655,-0.014211448906564783,-0.01440284957965332,-0.014290995942189966,-0.013557269973318853,-0.01219528211748866,-0.010515028847635222,-0.00885720741194973,-0.007202991536559011,-0.005291288296405128,-0.003114096092105001,-0.0008966867248716426,0.00134142086327671,0.003695382000401537,0.006011672937233925,0.00796895527344077,0.009417190582894364,0.010396390415223777,0.011000542698980098,0.011265842481122945,0.01114110581568184,0.010499420888265831,0.009282304702651345,0.007631540732688791,0.005904357447406028,0.004270007014639532,0.002799223075555801,0.001678771788249378,0.0009063223505023643,0.00036574651640641775,3.589394753644726e-05,-0.0002111048003072824,-0.0005217760667974858,-0.0009207407059008688,-0.0013886186644995746,-0.0018072874308217024,-0.002105684737685465,-0.0021955657292238584,-0.001968761154103049,-0.0015311705237053275,-0.0011681967615473354,-0.0012205360055972392,-0.0016926954282681095,-0.0021425221596871324,-0.0021361248325746374,-0.0016529676516441327,-0.0011234386754210846,-0.000758960450042423,-0.00042013381662542315,-0.00010194049077094647,-7.017238873308074e-05,-0.0004686874777171113,-0.001197693721977089,-0.0019825141528428958,-0.0023696682394103163,-0.002033750501340137,-0.0011955100243099537,-0.00026966681665463454,0.000570878955219456,0.0013941162668729135,0.0023731125953219134,0.003528127789920177,0.004691429023040428,0.0056119517921615625,0.0060049631933623004,0.005685375281672123,0.004815360998833285,0.003753771959935648,0.002809249055601981,0.0021164929808747956,0.0016141566971938914,0.0012262927340245255,0.0009421842195322938,0.0006353230719291503,5.6400044357030055e-05,-0.0007267009771716459,-0.0014269236903174942,-0.001986180109270208,-0.002548548705405551,-0.0030703297682066477,-0.0033637972407518646,-0.0033065279403388104,-0.0030156408481474273,-0.002793318021332425
24000.0,50.0,-0.0015838326206107922,-0.0021534989347316014,-0.002397764653494505,-0.0022727861814786365,-0.0018744259477898595,-0.0015027138422496478,-0.001341592281711712,-0.0012436941476678953,-0.001185425313465771,-0.0011367133900819226,-0.000910496344985745,-0.000477840378376726,-6.135231905846084e-05,0.0001423473561246169,0.0002589111425255197,0.00043715114861342386,0.0006379157202474062,0.0008422246788875043,0.0012417460393265856,0.001716178421595771,0.001888721401499538,0.0015884983328717794,0.000979538561374227,0.0005233870559173681,0.0004338168158035671,0.0005235671340919623,0.0006599585322675239,0.0007945070712445101,0.0008460414036015607,0.0006353544357295959,3.35374818194456e-05,-0.0008714548527244403,-0.0018011512281645992,-0.0024169979351285065,-0.002523947495447487,-0.0022343327188423245,-0.0018109036492575115,-0.001387153059084767,-0.0009648658538807808,-0.0005842314965143203,-0.00023686966277303156,-9.350233781679762e-05,-0.00038695019410894815,-0.0009919064458685511,-0.0015695814647997963,-0.001848894704004067,-0.0018762411624351216,-0.0017994851164715442,-0.0016695368421082435,-0.0014787467916832497,-0.0011827974155664833,-0.0008133471673943404,-0.00058030052985103,-0.0006593158796697196,-0.0009431061487319425,-0.0011699560209521565,-0.0011097909258239724,-0.0006271020924764059,0.00012898127010885219,0.0009170254555712631,0.0016191756824213144,0.0020556372160029923,0.002079475036609324,0.0017662742379798146,0.0013970872236868104,0.0011776752906200727,0.000994099913498303,0.0006742915670265859,0.00038297320870128715,0.00022178474334832998,7.96635847566396e-06,-0.0004375822482138858,-0.0011433811675232164,-0.0017509048655384163,-0.0019508883397634236,-0.0018844521498806444,-0.0016166104011006155,-0.001074807354228824,-0.0004100604300560917,0.00022831080082053035,0.0009098524156314625,0.0017343251279555716,0.00264418908990649,0.003449976082592343,0.004100594086509091,0.004634499450872909,0.005003937708636386,0.005175339712337745,0.005233750766109324,0.005180297080187302,0.00486400875132631,0.0042376266939925245,0.0033478424477095814,0.002198988324764173,0.0008709680754392934,-0.000591531046367777,-0.002116467667789834,-0.0036846474760210413,-0.0052206257095122055,-0.006431835508635686,-0.007206013119542831,-0.007678829128110465,-0.007905316401490836,-0.00778076092444735,-0.00723199189422985,-0.006391490448010018,-0.00547873479916916,-0.004727381597291469,-0.004177946877348404,-0.003698640282934207,-0.0032009139783184537,-0.002437080759420951,-0.0012310766850376353,0.00021903934221967347,0.0018954318115049773,0.003894870648224469,0.006162003796106319,0.008714843069412836,0.011385972165101066,0.013612918792205164,0.014912485468698833,0.015310664736034596,0.015129771213651111,0.014554016658507862,0.013618185690233986,0.0122939116664611,0.010577069886608115,0.008503887372057761,0.006236209326715425,0.0037756220372386906,0.0009004572087967233,-0.0022701642787836818,-0.005313250284189053,-0.007825401659999898,-0.009514621091000208,-0.010447398501867156,-0.010851903375908023,-0.010701572961124839,-0.009917609844478648,-0.008523967309770342,-0.006714355293979679,-0.00466606797644431,-0.0025162070205198006,-0.0005906398148347591,0.0009172260728718129,0.0020232142627918392,0.002916168195810087,0.003907914880585395,0.005143237835625314,0.006262509621990375,0.006719809597655058,0.006313810363423045,0.005284987114606565,0.00378747122553591,0.0018133546886289764,-0.0004189690538947133,-0.0025256681190910513,-0.0041367318459606395,-0.005357437604658344,-0.006427330223601757,-0.0074172943342887265,-0.00833219537810237,-0.009097660402801466,-0.009724792526810688,-0.010318196075331798,-0.010836741282105322,-0.011138012290246024,-0.011219893458758179,-0.011125450782856205,-0.010753969270638208,-0.009929029154420732,-0.008637206505568429,-0.006981141442707894,-0.005067481989584621,-0.0029754334551768125,-0.0008773626825053782,0.0011145737666140576,0.003025433903403041,0.004851326451671412,0.006587702383598071,0.008040800913988733,0.009023473523939174,0.009605437334414546,0.009918752930104802,0.010026142582830744,0.009838222680969011,0.009374576670495571,0.008565440801078239,0.007315344774383448,0.005759143828498736,0.0041169792019957185,0.002689650280274236,0.0017574244282059226,0.0012956624662052718,0.001052617104591036,0.0008396762174456285,0.0005155386118005367,0.00018709095384039642,9.410744405968785e-05,0.00036948477610820873,0.0009129688671727365,0.0014687653315803573,0.001807507699069788,0.0016403289837541024,0.0008802900630655586,-0.0002527783260486416,-0.0013209848770401322,-0.0020397767919178023,-0.002424667355782617,-0.0025397035585683625,-0.0023975883500781947,-0.002086088857211621,-0.0017652390660316541,-0.0016244059430903235,-0.0017212955505385708,-0.0018313457417207246,-0.0017605070734560968,-0.001477614364198132,-0.0010559600971404848,-0.0006002786601122523,-0.00027851232431430617,-0.00023062658727202034,-0.00039418066033469756,-0.0006917306172304905,-0.0010539858985580963,-0.0012957129813528923,-0.001225367030066593,-0.0006972568633578646,0.00023212837207964299,0.0013307260848804958,0.0022705379798537706,0.0026716269196924713,0.0025275186388284965,0.0020486030649635723,0.0014270271631033893,0.0009030383107955231,0.0005787074153218441,0.000320397597342037,0.00011486977341546023,-1.1925948943669606e-05,-6.584788270203035e-05,-0.00013206898075157625,-0.0005474569131358464,-0.0013984279290113477
24000.0,45.0,-0.0005475687125944262,-7.108411775869072e-05,0.0001459170978490576,0.0002501990004066812,0.00027838853444706047,0.00018617249408769965,7.37294739150407e-05,5.019370682979307e-05,0.00022887872153098954,0.0004296583089313799,0.0003124300262946633,-5.8656822454761226e-05,-0.0003175785190379088,-0.0002656931341604718,0.00011170502023372109,0.0006985645950585706,0.0012319855136055935,0.0015223886595805425,0.001568840168886254,0.0014255151503661523,0.0012153911210788237,0.0013172412050010962,0.0019496131375973391,0.0028540161345347315,0.003612510068862207,0.004008504639330113,0.003926021729938611,0.00350688167394253,0.0031194731242578655,0.0029078055518994006,0.002894040562750888,0.0028107294269830163,0.0022550945555366297,0.001380555114671722,0.0006326979495874241,0.0002563891599027812,0.00023235716128944262,0.0002395367793006642,0.00012080370037637067,-9.879122693512432e-06,-0.00012568139584612226,-0.0003478273224999384,-0.0006537216878932384,-0.001008203187602419,-0.001675238170406601,-0.0027040383265841683,-0.00364891716841953,-0.004006963649771933,-0.0037423317778007004,-0.0030997355793260795,-0.002214860739258029,-0.0012051546427471749,-0.00019682337704107766,0.000662092769498912,0.0011593648263641398,0.0009159600300456816,-0.0001319250264586458,-0.0015430789979120618,-0.002890531147770048,-0.003688111149813267,-0.003683410687571609,-0.003053860941903963,-0.002121615327865811,-0.0010517291482159408,0.0001295371448994942,0.0014240770784823553,0.002574236379615513,0.0032585465437051653,0.0034072005217211654,0.0030318234589543636,0.0022354200712726424,0.0013012677602119993,0.0005250315182614429,-6.021683152113155e-06,-0.00032659133730739143,-0.0007200482987634871,-0.0013959331468527125,-0.002303605528553021,-0.0033203235716428026,-0.00402506916685752,-0.0038548306768859675,-0.0027790616474732133,-0.001445730535287737,-0.0004092230165841926,0.0003211923504942149,0.0007945670787989911,0.001027115725804606,0.0012204605104315647,0.001580711561643966,0.0023317201502948137,0.0035636376072289977,0.0049521222678095,0.006061397161971627,0.006585403777847887,0.006465052493354051,0.005815273595999315,0.004807865217060225,0.0036710963158270715,0.002501109541697133,0.0011535425947784006,-0.00046749365489873185,-0.00212243400632417,-0.003755605160193909,-0.005583089546234987,-0.007532062085147118,-0.009261302835739116,-0.010483351076118197,-0.011114995146499496,-0.011139540845306328,-0.010476389533664587,-0.009226967634390348,-0.0077224520111940365,-0.006158864085392679,-0.004597344727130803,-0.0030794735650374605,-0.001573063901361138,-6.122369972105801e-05,0.0016039394257205686,0.003646289048475637,0.0058527565016675,0.007729831885683325,0.0089585343587828,0.009537426848282848,0.00970642588526971,0.009667961542447756,0.009602852735213219,0.009507776788097999,0.009134502043650627,0.008351282332341725,0.007297561221975002,0.0060550031655282055,0.004526968577778234,0.0027650819411917382,0.0009697370684236262,-0.0007535922996737554,-0.0022937083343776976,-0.0034877738475103115,-0.00430475477486425,-0.0046940389353267165,-0.004613086357352358,-0.004142303833276628,-0.003444600160662503,-0.002505208263059444,-0.0012571745866551964,0.0002704138302167536,0.0020507864295638,0.004016115884297733,0.0058951590276024035,0.007346292463239479,0.0080952169412285,0.008293087994104553,0.008483355351529553,0.008957202091153249,0.009577262538584819,0.009888737828589456,0.009334673478633704,0.007805213364520114,0.005904815303381383,0.004264748998394907,0.002906358487209104,0.0015009639087182336,-0.00015108843343103473,-0.0019799406558718147,-0.0037106986372492656,-0.005134438652021345,-0.006197190760559579,-0.006906939020723257,-0.0073090187235891335,-0.007652644740119285,-0.008211977764460698,-0.008975834298041718,-0.009645792609092041,-0.009877155981996566,-0.009509673937202479,-0.008617125679677429,-0.007433683890667453,-0.006186281265030402,-0.004981727919073364,-0.003861837072349772,-0.002997094350476459,-0.00238748820713397,-0.0018154646674872765,-0.0011597144355945943,-0.00037136213548727426,0.0006514651040845365,0.0019613104473847898,0.003402853554490548,0.004757568117241817,0.0057735016767423986,0.006160861598658585,0.005759621224399325,0.004813116571966702,0.003755107336189667,0.0028186779577055177,0.002070674964826935,0.0014509918822014356,0.0008624163605475132,0.000325527854672103,-9.733798489452994e-05,-0.0004151213539582699,-0.0006943858821273352,-0.0009544517398651919,-0.0012113198222252208,-0.001648114089647379,-0.0022794415244220545,-0.0028348849934189957,-0.0032152800422124983,-0.003459388997484325,-0.0034259397541092085,-0.003162489825569992,-0.0028660731565821607,-0.0026247997109152266,-0.0023364445933538036,-0.001810787852996043,-0.0011058980398104268,-0.0004723118007810001,-0.0001490851331276133,-0.0002493875939091339,-0.0006096168569946769,-0.0010713897546921203,-0.0016347109221825917,-0.0021075925449309807,-0.0021895441015828965,-0.0018294882275782243,-0.0012927370285353845,-0.0008061053491381642,-0.0004603503134248399,-0.00028441224375619356,-0.00024244836693831928,-0.00015673908004831816,7.696149273428432e-06,1.2431797778711395e-05,-0.0002739740101453947,-0.0008315382271639749,-0.0014799093062123347,-0.0020290980007331427,-0.0023501491863697765,-0.0023578119456857394,-0.0020672412670563745,-0.0014906903489375622,-0.0007271055424418194,-3.880433821490392e-05,0.0005084637155761129,0.0010934502192583295
24000.0,40.0,0.0033201608129473925,0.00306516945158819,0.0024351709537739907,0.0014609538023790947,0.000569875591160951,0.0002245439945092187,0.0005177414608148467,0.0011570689961715175,0.001765719348512107,0.0020776698139712835,0.0020418702284530355,0.0018279835423129498,0.0015116393692338193,0.0011007003086760392,0.0007174034699630738,0.0004883847215531034,0.0004029961364615531,0.0003973138207324922,0.00035560762667863344,0.0001581570568953694,-0.0003244035318150651,-0.001001997707028579,-0.00148175938186057,-0.0015421448562591422,-0.0011150562695405597,-0.00040840211767978474,0.0002591620806846606,0.0007100531829173917,0.0007258594281189801,0.00027637284127912665,-0.0002598883608317948,-0.0005013045534241201,-0.00047854531448621174,-0.0004207414139312249,-0.0005237559275172998,-0.0008390156347459765,-0.0013536120002655139,-0.001907825009084263,-0.0021128832017325294,-0.0017898115212133803,-0.0013647966090601926,-0.0014047605301215071,-0.0019613979329591302,-0.0025000330694524564,-0.002453423908477248,-0.0016850155715175674,-0.0005938102787261812,0.0002205286647738447,0.00043424414064574535,4.2697123614487964e-05,-0.0005104158762314626,-0.0006936664020962269,-0.00046267292774793134,-0.00020397021571749718,-0.00025312066331828476,-0.0005166275185430891,-0.0007017477154924734,-0.0006071712577160326,-0.0002731148918133641,2.693362199934768e-05,0.00014827399030803434,9.311042215021104e-05,-0.0001139144681361337,-0.0003102964274415143,-0.00018988416394805085,0.0003054240471644931,0.0009445649817863,0.0015402016328991408,0.001958267992208107,0.001977676689079999,0.0015190512181462168,0.0008015130226191047,9.035433512494251e-05,-0.0005785809054081881,-0.00128067345617211,-0.0020045594073536677,-0.002714714231188964,-0.0033122875553459608,-0.0037024985299893842,-0.003726341457621629,-0.003308256113498942,-0.0024446882296302874,-0.001196208354592443,0.00017803188090415034,0.001377670311164536,0.0021098705005329066,0.0023493524903273055,0.0022387036668902738,0.0018924033451384048,0.0016371000111092826,0.0019140606877243727,0.0028644000504840506,0.0041080290280604,0.005088435006683767,0.005613642439783462,0.005618094878201418,0.005122440249749616,0.004330532821228417,0.0035048224322764554,0.0027957920423204996,0.0021446247000511676,0.001363754442706977,0.00032557020968049244,-0.0009017566138247446,-0.0019627652836362586,-0.0025612216791870424,-0.0027379267741878266,-0.00269625899385062,-0.0026728739221937303,-0.0026969053656955566,-0.002594481074424948,-0.0022631818641372092,-0.0017465335844235597,-0.0012007592697926839,-0.0008067342349704631,-0.0006623705472996733,-0.0007832378079442037,-0.0009914784548925581,-0.0011331355853627656,-0.001193709575630919,-0.001111187142299741,-0.0009026046021709533,-0.0005093442334569431,3.441425963646161e-05,0.0005551141768478374,0.0010256276938847009,0.0014771036616068045,0.001972721763721097,0.002626003414718525,0.0032646738645780715,0.0035123572938999814,0.0032751679146514334,0.002781360253223397,0.0023739301635572474,0.0021950492534728028,0.001956028228278228,0.0012846776975550256,4.8462924645553684e-05,-0.00161201374471176,-0.003175435914215541,-0.004073618775635168,-0.004134616204964914,-0.003480954857693064,-0.0024469513082436833,-0.0014094535538689001,-0.0005696183524861453,0.00012240321256573594,0.0008417689878470469,0.0015157628485695795,0.001842023533704662,0.0018073849084032645,0.0016911871902891562,0.0016892734988616098,0.0018508414800777473,0.0021792452287172637,0.002551332922706706,0.0028491788928164397,0.00307460257253922,0.0031260458666082513,0.002799558806998448,0.0019785808547112538,0.0008673223250710294,-0.0001040547786823609,-0.0006938768448705446,-0.001054056619764765,-0.0015841775669045433,-0.0024560413702801043,-0.0034833789186450304,-0.004403546416398285,-0.005179781048525456,-0.005901098276694938,-0.006385392214980357,-0.006300254096203162,-0.005635847344365175,-0.004821280263911376,-0.004262277197852882,-0.003946956095290943,-0.0036574070438888384,-0.00339673156268816,-0.0032689240203609415,-0.0031216027540637015,-0.0026111717232879528,-0.0016775870692598005,-0.0005735409924767509,0.00044112882791047525,0.0012292765694255081,0.0018731489692669356,0.002433817147817763,0.003008444604546412,0.003796931657973346,0.004726838920277032,0.005562270644077216,0.006138574981662259,0.006353328974029182,0.006231764437814036,0.005776173761518066,0.004981942858250932,0.003907896672927791,0.002767425177907512,0.0018793950840034768,0.0014099963419056394,0.0013026117962056105,0.0014830197070381246,0.0017254351281081881,0.001770504298725939,0.0015331681479935355,0.0011612385497627997,0.0011033641778013248,0.001621694556419584,0.002395442955105409,0.0028406113017354073,0.002717788660788756,0.00226594831786997,0.0016596481966502097,0.0009572345138764149,0.0002665830611814357,-0.0002629152728861328,-0.0004832572675361746,-0.00045632672640572025,-0.00041669018235879207,-0.0005196185703937317,-0.0007108347244155766,-0.0008507718973760348,-0.0009514063981086451,-0.001057391285641529,-0.0011069599681334807,-0.0009689961055769913,-0.0005661929258771181,1.1108167337348096e-05,0.0003975641482689696,0.00015432045918917225,-0.0007152728964676669,-0.00182375503587906,-0.002936228815642039,-0.003932410841400724,-0.004653370133667067,-0.005079123788220841,-0.005247036138911199,-0.005157843041558863,-0.0047584673978917635,-0.004088430927140507,-0.0034896729950162353,-0.0032076268308145472,-0.00318208814853449
24000.0,35.0,0.0003832325845554152,0.0002898705719900363,6.455005280292525e-05,-0.00036942404690876174,-0.0008982817822911215,-0.001315211384245174,-0.0014583249052790848,-0.0013068554016726353,-0.0011569137869926749,-0.0012918630609703996,-0.0015941457043311402,-0.0017717196598709961,-0.0017727013190693697,-0.0017564806276126887,-0.0018269625812195045,-0.0019624581959476473,-0.0019526056327379138,-0.0017241876815177193,-0.0014883188015346605,-0.0014436617457036505,-0.0015340152481613245,-0.0015434989952822775,-0.00134254618533447,-0.0010762075675074811,-0.0009631258013342858,-0.0010286209661813928,-0.0011231054974913945,-0.0011536512856125114,-0.001154000672798361,-0.0012016843076168016,-0.0013194154657725221,-0.001352503997686938,-0.0011395612231623886,-0.0007714228145161428,-0.0003283586735847166,0.00016223301868567575,0.0004917828366757249,0.0005116262968840601,0.0002276879101925644,-0.00022087634499179387,-0.0005446303963374532,-0.0007515488786857816,-0.0009581634374811188,-0.0011041764169661406,-0.0011131444654921552,-0.001047482434124447,-0.0010110331460921884,-0.0009804047573780394,-0.0007788014122489528,-0.0004149242616158233,-2.7117107170848698e-05,0.00020172385983840968,0.00020496020158855544,9.203001555269097e-05,-7.109906413615974e-05,-0.00020398494005036127,-0.00020388934984794105,-0.0002777678920207194,-0.0007056816797579302,-0.001298528840010249,-0.0015775957207253555,-0.0013576810786730675,-0.0007874912388849964,-4.1683489993005196e-05,0.0007947089653015382,0.0015399266306559412,0.0021665604865717114,0.0027728359608403252,0.0031687081847309173,0.0031298190705797424,0.002709740876127853,0.0019235351089719188,0.0007910683219591874,-0.00039984812683080406,-0.0012297874940614406,-0.00164534907920455,-0.0018410934998769335,-0.0019374100101998692,-0.0021318533605096945,-0.0023549413530332686,-0.0023518496039542924,-0.0020411861090252614,-0.0015239661754762324,-0.0010234996183910994,-0.0007171643834347208,-0.0006873481783742363,-0.0008580822719039816,-0.0009425298319598596,-0.0006325700518949873,0.0001520247955300036,0.0012147878258872424,0.002195579273944759,0.0029523481437365717,0.003525698621942297,0.004040184631293187,0.004546675036465331,0.004948429666029597,0.005159913829544394,0.005100249556022618,0.004731018243830931,0.004122477470502872,0.003388791025571436,0.002727097658805633,0.002157361844723482,0.0014946724968822878,0.0007690143521976722,0.0002868870696559611,0.0002915913899226297,0.0006372875560600733,0.0010050256182836392,0.0012549017380791838,0.0013345204941117572,0.0013337142501512744,0.001295961116198896,0.0011016139112030032,0.0007537051538442086,0.00034867450593445426,9.68745778040514e-05,0.00024587631930472753,0.0008805917106613492,0.0017732251222923878,0.0023791517644866644,0.0023150596994980788,0.001588416842501772,0.0004576509171627663,-0.000682062184509391,-0.001478959066325558,-0.001657942783062083,-0.0011981415859452227,-0.00047848580653209183,2.9482194463525957e-05,3.6578296815081845e-06,-0.00039922459782459896,-0.0008605121615268274,-0.0013083880645581303,-0.0016946659631145167,-0.002089769690627463,-0.002456530312500149,-0.0026350128745633583,-0.002592167591686234,-0.002354398009885017,-0.0021152752882613868,-0.002117454656058726,-0.002307281476987555,-0.002387766206979336,-0.0023241293334308466,-0.0021863890697915167,-0.0018802366330561426,-0.0013385700325940775,-0.0006108804018190028,0.00012512753333471238,0.0006954406495118803,0.0010746393774851981,0.0013853246327855118,0.0016612389241998926,0.001905713142846821,0.0022952433287315444,0.003037885276668817,0.004081628812713234,0.005177720030502542,0.005860728791162728,0.0057667635111613436,0.005191738150500669,0.004755809968060021,0.004743424764086512,0.004866201663844549,0.00468733585279324,0.004173185352840392,0.003469373233144779,0.0025598412278782234,0.0015092296301588703,0.000380895509577428,-0.0007376870780895217,-0.001546694994303266,-0.0020260473299060777,-0.00237811370595864,-0.002731542547707022,-0.003087842426197085,-0.0034602014586937457,-0.0038345624453484106,-0.004014240495564536,-0.003983378071836796,-0.004026721178718162,-0.004345832582686171,-0.004806397058132461,-0.005174804140750666,-0.005266644897972128,-0.004930816199788524,-0.004275020337729529,-0.0035764888828282437,-0.0029105358123615588,-0.002284718636502703,-0.0016883706654979846,-0.00111137510305781,-0.0006019111875588123,-0.00019261897632461,0.00028071900359805113,0.001020959428110757,0.0018330541529110178,0.002415663891142117,0.002738147708569727,0.003057235131720404,0.0034997167386308092,0.003847865581718679,0.003855423980070327,0.003552221627955987,0.0031442195513875504,0.0028446176525420697,0.002802875265217608,0.0028766913295896757,0.0028530178219909885,0.0025942961112690455,0.0021242119174758045,0.001513178693457462,0.000882173278871079,0.0004495886718469677,0.00024805149601014875,0.00012067419286054815,9.015924812283416e-05,0.00024564728029474736,0.0005390462520793449,0.0006982008859957034,0.0006125736584650099,0.00041151654306403884,0.00014796427971752735,-0.00022237892083332156,-0.0006708391619980603,-0.0011181350290101477,-0.001356885936942831,-0.0011295393509413998,-0.0006102693350662491,-0.00019107707083243497,0.00014267165227010992,0.0004335369008234835,0.0004975621026304111,0.00013804347942514283,-0.0006092302218263512,-0.0015099893557746213,-0.002237349194800231,-0.002558142586650547,-0.002649464203585694,-0.0028808710972327845,-0.0031977658299098266,-0.0031760380991840975
24000.0,30.0,0.0014900465306055821,0.00203882044580439,0.002639571672347074,0.003258055603083676,0.0037763330240636606,0.004030870748295001,0.0039043679400663223,0.0033345619598890153,0.002345154515026593,0.001104434321774761,-0.0002880626570611611,-0.0016966349436486894,-0.002878982607867897,-0.0037927736507015197,-0.00426660751173813,-0.004041309509261737,-0.0031338445172224283,-0.0017645205296901167,-0.0002547685673537359,0.0010253641269386549,0.0016865727703319067,0.0015793262253538387,0.0009672808110039455,0.000123165172505324,-0.0007556339443048898,-0.0013753983507669432,-0.0014986943908112949,-0.0012383386538417085,-0.0008455206534918602,-0.0005573336792075168,-0.0005923903034776856,-0.00098998487185753,-0.0015787279261658682,-0.00202617322919707,-0.002112283237210022,-0.0017166591481654336,-0.0008187623357081009,0.0002356736472641785,0.0009211334472958299,0.0011860243898098588,0.0012432410656515458,0.001152768547285632,0.0008634757908687618,0.00043777445557502404,0.00014480862342569623,0.00012593391607307325,0.00039313249877714895,0.0009727404437498421,0.0018054394645972138,0.0026725115453984927,0.003411217308624259,0.0038232155219475317,0.003786881475065229,0.003515945756760175,0.0032082665413213363,0.0029274693780223515,0.0027112709855003914,0.002463571791011532,0.002015733580051915,0.0014408116921771352,0.0010224182611651145,0.000891684392989589,0.0009044444637673621,0.0008964238240594113,0.0009763132524653884,0.0011027532220708736,0.0010511753689712577,0.0006752417514022113,-8.192590356115304e-05,-0.0009717537885478578,-0.0016743566533250487,-0.002044197033868045,-0.0020393016164632627,-0.0017951564679208332,-0.0017140801000792294,-0.0019735206802096172,-0.002274265442636647,-0.002226265838345398,-0.001725693143939111,-0.0011093077567636556,-0.0009190807559456005,-0.001302254970525496,-0.001871065968828134,-0.002226437922914215,-0.002435590173988089,-0.002769051432593983,-0.003209849275265242,-0.003490825406515796,-0.003455043806610547,-0.003186181318781678,-0.002796970210994232,-0.0023778448099420757,-0.002084368011523452,-0.002061789627916255,-0.002146243627265676,-0.001986321995772755,-0.0015330753333486768,-0.0009437574055581877,-0.00044023357181899314,-0.0001350037859282338,5.716890502660554e-05,0.00026042271117354687,0.0005398539948409109,0.0007826069237104605,0.0007808310664714213,0.0006053598733402055,0.0005504769418074318,0.000812055644949794,0.0013423766542786097,0.001942943583799206,0.002414606736778069,0.0026875368597245597,0.002920033770337227,0.0030376592352610032,0.0027770994392994908,0.002258621956130469,0.001775863900377317,0.001389129811180112,0.0010708860465058478,0.0008933483952588972,0.0008828469622024215,0.0008789635685957364,0.0006976390576340918,0.0003394826364466752,9.717127102959466e-05,0.00020396870303862613,0.0005906644617859058,0.0011155305568166796,0.0015622765303646702,0.0017176448041666958,0.0015886069126835878,0.0013326915127009897,0.0011512043540662376,0.0011083418627322317,0.0010232403813148494,0.0007061304874156349,0.00014150329519235783,-0.0005452573947906103,-0.0013246328478544456,-0.002050149605636875,-0.002387023245731257,-0.0021981982900598496,-0.0018473095275695073,-0.0018445723837245964,-0.0023283417416308794,-0.003071353837924562,-0.003598141784522113,-0.0035948346521763597,-0.0031924340948563668,-0.0026845081713133823,-0.0021033839114892317,-0.0015065129144176126,-0.0010964187335815723,-0.0009484532048631422,-0.0010010063888898912,-0.0010395273530861004,-0.0009603726702778204,-0.0008252072913883524,-0.000646506237433897,-0.0002514418395715978,0.0005316346807227035,0.0015821858267983657,0.0026140514197692255,0.003325248298935435,0.003480667531974291,0.0032257732041074405,0.0030012936580448013,0.003048989505316513,0.0032085032408701863,0.0031689917356914066,0.0027359514653824135,0.002007395583092375,0.0012237471036513625,0.0005123467761158906,-1.2389804460166687e-05,-0.00038609138108824936,-0.0007402266577472005,-0.0009512404197664637,-0.0007901200804738551,-0.00040562672665167554,-0.00016591526763587439,-0.0002746360916461299,-0.0006978344568864259,-0.0011240366415421477,-0.0013931868991789997,-0.0014739700571198,-0.0013479434235463827,-0.0010756144863677264,-0.0007057330830839703,-0.0004403842290834348,-0.0004147267529397425,-0.0005308595230069102,-0.0008306907384181272,-0.0013103162999072993,-0.0017674626207053734,-0.0020789556742784043,-0.0022285309153602384,-0.0021555099927184074,-0.001774834612611187,-0.0012238486890581157,-0.0006820357056902537,-0.00040924530431141193,-0.0005879258191399117,-0.0009471606832178736,-0.0010896092916823363,-0.000876785810621783,-0.0003307012441666757,0.0003236702295073002,0.0007349600927852862,0.0005943555647647258,-3.2062536653443274e-05,-0.000738218597362561,-0.0010850558229691387,-0.0009629939068389604,-0.0005196189034606391,0.00011280298223281804,0.0007819402347841731,0.0013854284386383142,0.001925753112530515,0.0022234629692974295,0.0021449748643931343,0.0018595588402448016,0.0017097593341119932,0.0019268595607968564,0.002359151984876462,0.002677278843066233,0.0027614197595227097,0.002587025704769985,0.0022202826244210883,0.001668202576077249,0.0009037095516362115,-9.042717269425182e-05,-0.0010872492905988906,-0.0017013997988257756,-0.001809413840980767,-0.0017382579819980037,-0.0017764152371313457,-0.0018611573393556569,-0.0018982042604420712,-0.001770361746089577,-0.0013953256328136376,-0.0008613635915644124,-0.0002753828554080684,0.00020927602706333204
32000.0,90.0,0.0011657449450197532,0.001479791511549422,0.001823464379491213,0.002127450215994031,0.002043621494252079,0.001433290930386022,0.0005760106835950296,-0.00016456840057355038,-0.0006600307522752757,-0.0009547724832970061,-0.0010751052270663308,-0.0007984560235207994,-3.9391333944704954e-05,0.0008580475219233108,0.0016009961134599848,0.0020221375685025578,0.002053591741102423,0.001588686404652151,0.0005608648545596395,-0.0006224003534782696,-0.0012278144057020768,-0.001006699612560169,-0.0003516644753176479,0.00012623033174286036,8.12074782419181e-05,-0.000265870325755202,-0.0005690394266899546,-0.0007213069030953534,-0.0008033884113523015,-0.0009606822004570859,-0.0012226151202554547,-0.001483859479733951,-0.0016196473051621751,-0.0015456996793616895,-0.001402516103254925,-0.00135518574140292,-0.0013863151737680823,-0.0015949286336081059,-0.0020348853713159087,-0.0023860144970910824,-0.0022117687681344478,-0.0013302190460251495,3.0483254809254845e-05,0.0015638561556841069,0.0031357485497096604,0.004514612683692576,0.005637719180384693,0.006807534980168839,0.008348776781019751,0.010248784043653814,0.012128111848141998,0.01358485324232106,0.01420648398919866,0.01348397482558994,0.011245752773447748,0.007761936871020225,0.0036493412736149367,-1.4723404787031491e-05,-0.0021454544807397724,-0.0025636344158641577,-0.001910440028396465,-0.001002042115949564,-0.0006946798136731047,-0.001480559896904765,-0.003134840387275517,-0.005162259508750822,-0.007214657316012563,-0.009117449017992385,-0.010719618082077886,-0.011930595178455405,-0.012707775276510347,-0.012907567459308211,-0.012279511629742501,-0.010392319005347872,-0.006959672393946903,-0.002296923540257012,0.0026963193899831595,0.0066891576722127866,0.00845575964802947,0.00776482522724109,0.005206419739778312,0.0017747873171103379,-0.0012495285917069054,-0.003022333050495263,-0.003524004865695929,-0.003208071586158212,-0.0028266489149331164,-0.0031791422827609495,-0.004650167806374839,-0.007265507306897234,-0.01079631761768951,-0.014754415467166382,-0.018670451851221515,-0.02194020609636027,-0.02391332110107669,-0.02395039899738549,-0.021690311768907122,-0.017411792896382394,-0.011685465928223948,-0.0051093587138950625,0.001632009083429864,0.007923417477684325,0.01349730194277754,0.018395271084159504,0.02283068489816742,0.027171292771299704,0.03155579975100409,0.03569583739704285,0.039180420685624995,0.041656065263850905,0.042859607418677115,0.04265310238338316,0.040971205095274854,0.03775515011739117,0.03296007733410988,0.02679198196631205,0.01967343088438156,0.01197130750085762,0.004210483961486489,-0.002843318913647863,-0.008623779912397822,-0.013031923096207265,-0.016270245595251254,-0.018518973021741658,-0.01982895980745525,-0.020135960454581436,-0.019504021508964797,-0.018169220794561625,-0.016311554773551507,-0.013997725645253922,-0.011517260922744299,-0.009375897391805665,-0.007687547487478241,-0.0061910223614347615,-0.0047433119654272105,-0.0036944560743989996,-0.0036447986850873804,-0.004858136559704462,-0.006987654899148765,-0.009159961678051332,-0.010726443733233282,-0.011639778918492993,-0.012009985006500301,-0.01210766953363418,-0.012339151034268525,-0.012844060925942813,-0.013421378675104734,-0.013683046695689427,-0.013334688020449903,-0.012283381423117135,-0.010518130366676814,-0.0081566451370918,-0.005368038458186675,-0.002293905287942266,0.0008723409772315449,0.003933899428432142,0.00673274547224878,0.009179653481794503,0.011310602232583733,0.01328239207509796,0.01495446078081386,0.015915116335918356,0.015893162341740208,0.014983314144956239,0.013462239323303038,0.011497575336250065,0.009286771351924017,0.0070051764389233995,0.00493218887953617,0.0034735014864395453,0.0026652255957770876,0.0020511732312655795,0.0010686765916645413,-0.0006362865789810712,-0.002951692668062833,-0.005388771207037735,-0.0076075830079957996,-0.009586186955345966,-0.011258787679935267,-0.012287656225851151,-0.012341156541140208,-0.011469370342354068,-0.009941881096153793,-0.007986917793800785,-0.0056500111256241325,-0.002843532298513196,0.0004298941758129615,0.0038733536378288136,0.0071543606594559606,0.010059254762495584,0.012499199009141648,0.01457975962182445,0.016412469605597835,0.018007678903586566,0.019229606351700568,0.020031981406987143,0.020457640914628428,0.02048008695965109,0.020143488654866815,0.019509533544237456,0.018584445982128273,0.01745425137755774,0.016175018657804685,0.014491636335378644,0.012163918761132209,0.009331688310965092,0.006178178857396688,0.0026854169998813404,-0.0010638222525116703,-0.004711018242176124,-0.00796084087539839,-0.010691544538588005,-0.012737611854163333,-0.013989727598584523,-0.014568195538799955,-0.014813108073497006,-0.015021285548755259,-0.015331115932326611,-0.015702626754432458,-0.015742759984505028,-0.01518619718865466,-0.014248878521527786,-0.013304435775296497,-0.012449498321132069,-0.011572065083953476,-0.010666068028797326,-0.009561847313932503,-0.008235568671466353,-0.007011504710163763,-0.006115577377840964,-0.005589054996590903,-0.005360718535740716,-0.005430945915207985,-0.005695994342858057,-0.0060187237416187145,-0.006249980977202085,-0.00600878413692385,-0.005119649593154918,-0.0037846881184577796,-0.0023345725352896807,-0.00112357823045528,-0.0002534928100761391,0.0006091140924979754,0.0018013460723054209
32000.0,85.0,0.0006233421001589079,0.0006560529342003463,0.0007838742988042213,0.0010838425712478283,0.0014186140040450823,0.0015793946150921556,0.0014371950296521163,0.0010351401957819917,0.0005001997704923156,7.673411211994718e-05,1.4781993337709132e-05,0.0003325492659023155,0.000803880351174513,0.0012716822039848807,0.0018202264140398938,0.0022733319671175423,0.002227380058172912,0.0015979414458300312,0.0007611015151454126,3.4665510045828185e-05,-0.0005280322290523998,-0.0007827422598971623,-0.0005692591398265279,-7.465726648003823e-05,0.00021830758034635522,-4.392045321183202e-06,-0.0007157728854068068,-0.0015727876778726113,-0.0021924555504426735,-0.0024401836107301733,-0.0024046258317866887,-0.0021977726305522083,-0.0018261171463862524,-0.0013415117905424268,-0.0008023411934843239,-0.00027399102431324707,7.546103325539733e-05,0.00026021987342694786,0.0005252164814173454,0.0010180353227084993,0.0015819678900186318,0.0018668411261302253,0.0016905403743550096,0.0011573678682097466,0.0005721629836585862,0.00034878583354824855,0.000631923569027748,0.0012700148710464987,0.0021740955702398423,0.003426939176875976,0.005185890383785363,0.007375704047518639,0.00947856992894458,0.010804371619599351,0.010765536018197963,0.008980283183745996,0.005864523533460897,0.00254336929295107,-0.00013811318755330149,-0.0018422585679189751,-0.0025249824453510428,-0.0023013293493079345,-0.0014633870781821656,-0.0004841329559468477,0.00032317259979208757,0.0005791678248101562,-0.00014031502348910152,-0.001855009479356795,-0.0040930356881574426,-0.006209445402305391,-0.007726088213644289,-0.008294289699506407,-0.007726372430738593,-0.0060666818235688424,-0.003451215091487825,-0.00018039486571197472,0.003303846085600526,0.00621765305908184,0.007617264152770531,0.006871131219554627,0.004176793133581214,0.0004231103245544432,-0.0034215472677345815,-0.006551240439023331,-0.008341487500729272,-0.008514027705075478,-0.007428748727278389,-0.0058940483604885685,-0.004537398456960773,-0.0036971037342681257,-0.0034375620128201945,-0.003700283635055257,-0.004559937760717503,-0.006208943137409051,-0.00864007443368564,-0.011414882372662305,-0.013622514671851604,-0.014070522524889384,-0.012120389136782705,-0.008162979625581102,-0.003305687279464564,0.001297777996178695,0.004991356661321333,0.007480619679256506,0.008875195689483917,0.009803050815548886,0.011077535333470223,0.01335919286304943,0.01701841334522669,0.02181312019899906,0.026741147962638934,0.030656714500310045,0.032840979713455454,0.033018416445429466,0.03166454476399849,0.0295054647381221,0.026725098578594952,0.023222021638957813,0.018984700034252455,0.014165545181299422,0.00899345042881805,0.003678700677411939,-0.0012973538909832882,-0.005248267154200903,-0.007929538803352898,-0.009594621097619438,-0.010581919340779677,-0.011200317118209568,-0.011815523670577477,-0.012310797714576438,-0.012194028009560043,-0.011435515645530359,-0.010531394423196616,-0.009917465959574656,-0.009697024516697184,-0.009772990416934135,-0.010122808369317227,-0.010818758333641654,-0.011819995648920667,-0.013009947785747045,-0.014440315609931531,-0.01600061061424185,-0.017237631766420236,-0.01771882907064537,-0.017380015648882363,-0.016431647154036,-0.015089556271163929,-0.013695187206508308,-0.012570745333562172,-0.01177289465914555,-0.011137674782446538,-0.010375286407793283,-0.00928335719407869,-0.007675063251610936,-0.005485541798577742,-0.0031263123201341614,-0.0008972302345533478,0.001382289616103094,0.0038303120675209357,0.0063301928143744135,0.008772722992489435,0.011023828960787796,0.01290816520338467,0.014299951445195802,0.015115398710463523,0.015176439660535834,0.01456948517386536,0.013672006637932554,0.012545801730823314,0.011044900105616762,0.009266934775098434,0.007550534419920041,0.00618098638938136,0.005242296374774469,0.004638724959704632,0.0042361811836144625,0.0036265297431725685,0.002331014936629572,0.0002919879893426014,-0.0021465555999355956,-0.004471757186763625,-0.006296422494500575,-0.007407853885865734,-0.007942422719509068,-0.00803136135374416,-0.0075280670586153065,-0.006296769772262678,-0.004367566752705443,-0.0018929435796621874,0.000960878598910142,0.003906412082699262,0.006658416040750126,0.009107937515295816,0.011237760944027286,0.013079008098770828,0.014569457640334349,0.015619992410620398,0.016317716955427386,0.016676271030746648,0.01646976777180953,0.015618667248418205,0.014305967077632431,0.01301709939838247,0.012210273681034778,0.011941230226852895,0.011986731607294132,0.01203767929780497,0.011912595354601763,0.011490829621152443,0.01051432363396998,0.008582175858862229,0.005613656206548967,0.0020633204034226083,-0.0014002741188789969,-0.004438132972239828,-0.007079070662996401,-0.009346655005515458,-0.011332034866029517,-0.013392557285385465,-0.015594411095776195,-0.01764996859776602,-0.019231039871669964,-0.020074599760278034,-0.020102080000583555,-0.019388135541476004,-0.018069723495273138,-0.016460097285175834,-0.014928572156236442,-0.0137174813730212,-0.012780255076449976,-0.011779059505556688,-0.01053579623544465,-0.009233038333888999,-0.008036879606265757,-0.006892336035235758,-0.005699346772303215,-0.0045778669743867795,-0.0038120857581702694,-0.00339939743021489,-0.0030544748952365808,-0.0026100706040921295,-0.0019655432836884756,-0.0010824415808130539,6.292911938071688e-06
32000.0,80.0,-0.005717631257340372,-0.006234642579983074,-0.006062787161198457,-0.005464189545278941,-0.00488770357520707,-0.004464445257923444,-0.004011987186913757,-0.003301112272424689,-0.0025168203077186035,-0.002056959713669926,-0.002144241673107672,-0.002592445813576205,-0.002874572357924876,-0.0027670303825999554,-0.0022868049676105784,-0.0014337120379792623,-0.00037983574618927207,0.00043865389098840524,0.0009544537382666363,0.0015530612351710715,0.002496930884277049,0.003623853883638617,0.004603635250788329,0.005238862232914698,0.00552964962707847,0.005642521561100011,0.005742224029603449,0.005748042486430904,0.005497973187829075,0.005046744799841463,0.0046159827071790005,0.0043748276112864914,0.004419951959988566,0.0046694732525054405,0.004795283281566753,0.004656292684757091,0.0044465187087894265,0.00422105284059171,0.003915338719906458,0.0035663518804796013,0.0031800277966453905,0.00285684964573818,0.0026968172139874014,0.0024679063237442733,0.0020240924492043177,0.0013922247799058596,0.0007521588907266619,0.00040422254432570526,0.0004901430927795047,0.0012758110123911592,0.0027787141476665056,0.004660291264002581,0.006539466301802577,0.007859600970050451,0.008020689001853043,0.006874412150636999,0.00477767159168252,0.0022455761694573084,-0.0004271169251612861,-0.003210698373834475,-0.005879259301622142,-0.007955636149858947,-0.009149815127784677,-0.009483287044531608,-0.009105963094668823,-0.008340918178362244,-0.0077099944206793225,-0.007652879219222086,-0.008248385086062626,-0.009197557382378818,-0.0100718837714453,-0.010590378352048901,-0.010616497014837023,-0.010058286648018111,-0.008714585497671123,-0.006568963151210028,-0.0038323983986288113,-0.0008771611770264087,0.0018610214480574427,0.003802407722020007,0.004458021063413753,0.003594531561290637,0.0014278627169517222,-0.001379405034640513,-0.00415903267381168,-0.006374464511793576,-0.007572037219460981,-0.007481018471366951,-0.006234610161470755,-0.0043755292722380545,-0.002471955973248896,-0.0009122547717232976,6.646819206146404e-05,0.0004165033595793233,-1.0133983062432517e-05,-0.0013603917992099923,-0.0033284834888291925,-0.005109148659698803,-0.0058581215434116984,-0.005184075835273916,-0.003181234831117763,-0.00022136127653116233,0.0032163223195880164,0.006528759310953092,0.009070231676844287,0.010660651028615575,0.011658513265899728,0.01257179071956216,0.013794674735834178,0.015550602583402906,0.017771512261788303,0.02012019351127492,0.022173351155174714,0.0234127437437337,0.023642066082629754,0.023171701002411282,0.0222184173281903,0.020770562159100336,0.01871891619487087,0.015969105149338247,0.012629466361602226,0.008989752942056839,0.005285277104860597,0.0016090172527682967,-0.0018666155288116215,-0.00484795403821181,-0.00717011872097828,-0.00880913564316188,-0.009650823251661222,-0.009640863218862705,-0.009001857925738932,-0.007974141347233399,-0.006866978097264109,-0.005872944353058074,-0.005017305682031292,-0.00443907355318629,-0.004372946893482776,-0.005038622408193305,-0.00632925534205242,-0.00779557041141743,-0.009036876136292449,-0.010114755255585806,-0.01134645000178125,-0.012752856548559066,-0.014020156591243449,-0.014831143424487436,-0.015027824318281091,-0.01450464903740567,-0.01326838194870561,-0.011665297172669398,-0.010263851102365606,-0.009317816740406215,-0.008646344973328723,-0.008011104668526059,-0.007341676599992297,-0.006529333074212218,-0.005288915527756899,-0.003463414888216221,-0.0011328036286784027,0.0014780348056575576,0.004190684688154533,0.006805917163177355,0.009058054750710198,0.010706432185259018,0.011511398056995858,0.011476070760352286,0.011031689339802142,0.010541002737340932,0.010168632158524815,0.009872831441271046,0.009444617532494703,0.008684430063965465,0.0075334307680918755,0.006227188986684951,0.005118165447015599,0.0043518317838220355,0.0037053151658028582,0.0027854323292331173,0.0014637657752558653,2.2736560897906877e-05,-0.0011899329299680517,-0.0023352302314094686,-0.0038225462795082876,-0.0056015498905992445,-0.007211871988488383,-0.008252853511692138,-0.008737138124104149,-0.008916543947634636,-0.008936729578579161,-0.008609167601036916,-0.007692976033979448,-0.00619979267924009,-0.00423518109471388,-0.0019211390256401728,0.0007095409260138297,0.0036250964452477774,0.006614387260128751,0.009396157629737445,0.011687223633316535,0.013416616262418302,0.014522446356579621,0.014952126647926889,0.014796133207539697,0.014337262044250565,0.013919025043662714,0.01369784818905373,0.013622327266205048,0.0133057884710297,0.01249389125490552,0.011453777482017813,0.010690129670365422,0.010390611038246789,0.01024894480394778,0.009796558231300878,0.008640927084968553,0.006611213354545953,0.003904603307347543,0.0008090844660912921,-0.0023232471502154795,-0.0050149235875096565,-0.0070653194406133935,-0.008629426950790275,-0.00985377468509796,-0.010883258738658697,-0.011810366018494278,-0.012567010543307333,-0.01293896634280145,-0.012623623035779019,-0.011585594705820768,-0.010218398571737453,-0.009004580192595313,-0.008216775704283918,-0.00786280018871821,-0.007881162389367091,-0.008122873040861123,-0.008530116168969926,-0.008967483644539698,-0.00916745968027044,-0.009046254412226062,-0.008778464177794376,-0.008557806907560916,-0.008412716745453963,-0.008391653594230775,-0.008597777600982681
32000.0,75.0,0.001733104881829206,0.002097619411500773,0.0022905899399461305,0.0022179513781139804,0.0020066803774199116,0.0017856472966926162,0.001624662182564407,0.001666515592191331,0.0020608457163007188,0.002661818321314513,0.002875455873407873,0.0023563222484312973,0.0014261937186788032,0.0005647067813363549,-2.988156597161229e-05,-0.0002676452393046702,-0.00023919238811842547,-0.0003597713515990364,-0.0009429136360594725,-0.0019369046366790599,-0.0030516065230301592,-0.004010078935579031,-0.00453121762333808,-0.004521623075959269,-0.004258114305599747,-0.003936613701682745,-0.003381871893637367,-0.002638484986050571,-0.002046672609168354,-0.001758423073816573,-0.0016444199335552412,-0.0014610688214844458,-0.0011250624876169013,-0.0006381352113393746,-0.00019169912879313245,-5.306348763167712e-05,-0.0002086263384271092,-0.000490254781215782,-0.0007754606956567045,-0.0010635995417729305,-0.001263601334677844,-0.0010726226573609665,-0.00023893559353282967,0.0011281038325705595,0.002669426679702269,0.003946006188471074,0.004639315598353733,0.004697173316969838,0.004293029043367369,0.003857000496765295,0.0037244067829789174,0.004051324609122275,0.0047853845330791955,0.0057242672824031615,0.006550658682158428,0.007032326720946003,0.0071145240809755705,0.006668331220538448,0.0054227675683193866,0.003325591135805439,0.0005343664954970961,-0.0024693682654230997,-0.004964535005314019,-0.0064300955671114934,-0.006797454599194452,-0.006390364681863048,-0.005555809146073898,-0.004612819903826448,-0.0038749092823309184,-0.0035558225253140563,-0.0038840641813919774,-0.004828846211779592,-0.0057716507129157435,-0.006054673207245287,-0.00552200818404458,-0.004478304393984445,-0.0031872036121427527,-0.001666228710561768,3.570220161175364e-05,0.001699855478598522,0.003031804141073735,0.0037639966699032357,0.003620467925458115,0.002501340468086255,0.0004902668271355992,-0.002233395468564936,-0.005197638319742737,-0.007830180059897884,-0.009639832931895853,-0.010511584491723625,-0.010623179669266847,-0.010192708899126046,-0.009210023854677729,-0.0075311383795906295,-0.005352141840830882,-0.003199476017456959,-0.001723591602775798,-0.0015315567702955946,-0.0025075179710398743,-0.0038149283732025197,-0.004613501136674358,-0.004252575180885287,-0.0026136257602615842,-0.00016906508137903842,0.0023228445833467504,0.004180182866519999,0.00523791010564878,0.00588193005413018,0.006698260168747083,0.008188416167342893,0.010480683876323837,0.013240730289965086,0.015929597196873146,0.017968917020994013,0.01899416801620646,0.018942520441100896,0.017824286047130045,0.01589025444559411,0.013724401171089085,0.01178645891997121,0.01015881601063029,0.008783128890854641,0.007446224969953619,0.005957542459356091,0.004137712839025198,0.0019185903976648433,-0.00034918609670420153,-0.0021766695113001333,-0.0032496425550476715,-0.0033905809271317366,-0.002621605821317985,-0.0013897766271142586,-0.00010039492848168408,0.0009553232649395227,0.0016016777903971047,0.002012869204648382,0.0023065831467050657,0.0023767974255406443,0.0021081147938417644,0.0012936155480147704,-0.00022144339140162117,-0.0023649207037124143,-0.005079115794615063,-0.008257206474127088,-0.011515800757422312,-0.014443318541168537,-0.016767142341223007,-0.018368046639238855,-0.019185776523045206,-0.019125867112279593,-0.018303158100252404,-0.01692404794084723,-0.015246714113459348,-0.013600784498635221,-0.012046720065939098,-0.010387712023884887,-0.008527123007695536,-0.006571288402312803,-0.004617854987287728,-0.0025666144765068566,-0.0002063551274300579,0.002489570105623784,0.005339902298118204,0.00809515654509596,0.010570411212995623,0.01258911552781683,0.01387671400010504,0.014092456979142298,0.013353006700356218,0.012097110868580785,0.010728407495719239,0.009585563454095336,0.008965304054697754,0.008761944947366374,0.008428820308381546,0.007558013770392336,0.006088445747565174,0.0043455679055171,0.002859396719401275,0.0018107078059159676,0.0010355708512932438,0.0003440271956201002,-0.0005428500982063156,-0.0019084489544241023,-0.0034529303860608707,-0.00462842431048216,-0.00540273648041989,-0.006027338628200596,-0.0066544094678988586,-0.007124754120013677,-0.007096900400682671,-0.0062457896632395205,-0.004630625660695387,-0.0026969346755834067,-0.0007052560757614401,0.0011567231616993467,0.0027981026384793495,0.004299408384866865,0.005677767589418181,0.00708339742416797,0.008671252160752374,0.010256364646465954,0.011480080885917232,0.012070007215925216,0.011950699985163737,0.011343987083023421,0.01052338749474302,0.009652452170882952,0.00876888606171633,0.007897393849987111,0.006947506125953851,0.005982465633991296,0.005275572867446954,0.004839875611395428,0.004401738085135776,0.003706492224253566,0.0027157303073011008,0.0013428342882093602,-0.00048218007364653204,-0.0025686528459800684,-0.004561320210427766,-0.006196248403256277,-0.007390787537531196,-0.008099115156312564,-0.008600530065905332,-0.00932467258962788,-0.01022702456054958,-0.010916114234760244,-0.0110005968778637,-0.010312025011671722,-0.0089499412325722,-0.007187718864543058,-0.005335211383794558,-0.003795603831235894,-0.0029004245671870876,-0.002666450615862459,-0.0028481130787127995,-0.0031635276620534114,-0.0034962479578126704,-0.003802099968197581,-0.0042013676981866865,-0.00497143393118904,-0.006242607319961735,-0.007989781281025898
32000.0,70.0,-0.0015846327583446396,-0.0013539700471909555,-0.0012440970476035318,-0.0010658134375063355,-0.0006972734611920828,-0.0002023952117014005,0.0002507742069557395,0.0005937356717389264,0.0009688233548743597,0.0014041281470866807,0.001786216397015039,0.0020110053622346413,0.0020960120306057206,0.002142052757392321,0.0021320512022526827,0.002219096018052369,0.00256353893668404,0.0029611515461880344,0.003034313023064783,0.002540957666496979,0.0017302561605703204,0.0010610666789645506,0.0007316463546125362,0.000797838073385293,0.0010728148369665291,0.0012351447642444668,0.001184430553635707,0.0009493390518144906,0.0006648924189001093,0.0005043422901529482,0.0006598900315069045,0.0011786754905429575,0.0018335055695928304,0.002364465512272318,0.002592630332642898,0.002495093687215899,0.002166864243591249,0.0015983411261188962,0.0008159790620965168,1.4126622614740736e-05,-0.0005692482041297353,-0.0009504446119024124,-0.0013134037191164794,-0.001633326918160094,-0.0018240312593675867,-0.0018435007964612282,-0.0016269550151548628,-0.0014094415634602342,-0.0013439224177957954,-0.0012428946760678627,-0.000919232356899613,-0.00035933755970773973,0.00044500242379896804,0.001496401780265444,0.002617461358767059,0.003647868451750469,0.004371477846376592,0.004436571554577995,0.003551102523147165,0.0016550349979382872,-0.0007584496364287929,-0.003011883187298281,-0.004839283196389488,-0.0061642175808174215,-0.006998723378615068,-0.00738049799053897,-0.007342377372765441,-0.006996698775907362,-0.0064583125514161566,-0.005738924002685053,-0.004885158055856209,-0.003991828201321823,-0.0031204747674706823,-0.0022451462911021736,-0.0012359385737070738,-9.365985764731022e-05,0.0011596195115259889,0.0026567310573710756,0.004290980015753121,0.005593205898435372,0.00605824723720616,0.005597157848313827,0.004417928689548489,0.0027068480790148897,0.0005734996366690837,-0.0018136533386226006,-0.003975094919894673,-0.005321549867431941,-0.005610239384168381,-0.005095035504609768,-0.004158073885207614,-0.0032762159651866796,-0.0030305384868256624,-0.0034607350318793806,-0.0039854590738741535,-0.004166001321692647,-0.00401165145547111,-0.0038702379079325055,-0.004133021036523132,-0.0048180979206335905,-0.005649534617901963,-0.006367504745696806,-0.0066660437170185105,-0.006053227252778015,-0.004350269477981783,-0.002021173894917183,0.0004988754964685427,0.002787077013621797,0.0044005479260533775,0.005322640994620542,0.005879339681769125,0.006633221971696912,0.008107163829151887,0.010285242879604084,0.012679070238164059,0.014695319627833214,0.015914915607595503,0.016224715793100586,0.01566950658116184,0.014283100036038832,0.012213176248110358,0.009756251806436467,0.007295653858818696,0.005157391402832445,0.0034262988002353723,0.001975721586333634,0.0007451423367221821,-0.0002258343650973771,-0.0008572361154257635,-0.001102731461699591,-0.0011156428003644692,-0.0010044570730727287,-0.0007932446921543601,-0.0006061627311204631,-0.0005528251190156652,-0.0006149088460638552,-0.0007062636031562874,-0.0006231424820590803,-0.00036103131595410787,-0.00014633806666441984,-0.0001482302197652885,-0.0005440978778636918,-0.0015690266863543911,-0.003353344046885809,-0.005755214971259193,-0.0084902644914564,-0.01116968650904937,-0.013396753040240128,-0.015062521896425096,-0.016516521483822544,-0.01799567606042274,-0.019157527120228224,-0.019550371987975268,-0.019018189689745668,-0.01775105040735525,-0.016143571812676782,-0.014325582498031508,-0.01206039712542406,-0.009331557748737396,-0.0064798126864218375,-0.003724944130922836,-0.001129252802378744,0.0012212242328502043,0.0031917113396673358,0.004863823122036592,0.006447793854391648,0.008098719028737378,0.009788069910143804,0.011412841338653834,0.012946628658028203,0.014227892641827111,0.015045618084741363,0.015153116095234509,0.014564022876584204,0.013477945870477015,0.012069748756005083,0.010440092346186702,0.008590905764549461,0.006770699112479406,0.005285718973624398,0.004056459612655772,0.002821896716298511,0.0013811203292135588,-0.00035354688621147545,-0.002257762865554014,-0.004030106914854059,-0.0052317794541068,-0.005738923114506633,-0.0058766711497071356,-0.006080711489886426,-0.006633243732068195,-0.0076145729721588395,-0.00872546745966929,-0.009517335364250812,-0.009925615884753825,-0.010107006787052342,-0.009931277134000993,-0.008962829589620469,-0.006996768942002518,-0.004261658137494351,-0.00116904230740289,0.0019372086157432022,0.004796646635440993,0.007325303919003545,0.009407492562729658,0.010839967146125673,0.011746046801874854,0.012355312328793389,0.012731414145150666,0.012721873332566247,0.012023742890221456,0.01050736120333795,0.008592534683771191,0.006993554624301623,0.006140950858934957,0.005978963546482419,0.006026691590221844,0.005819272619334015,0.005169705552532378,0.004018200439048769,0.002406594479253954,0.0006328468304950263,-0.0009702653125387428,-0.0022649764286342133,-0.0032069691346947593,-0.003804151660347088,-0.004307986412044329,-0.005038470529683536,-0.0059667288887510495,-0.006827578058477002,-0.007394424184070658,-0.007515255084911132,-0.007189902451187891,-0.006456803092191876,-0.005314853890325821,-0.0039380609884176465,-0.002699847678755418,-0.0019798644945723254,-0.0017053621848006628,-0.0015682469767241969,-0.001380300873599083,-0.0011562423241073816,-0.0009660835464941897,-0.0008794820427482364
32000.0,65.0,0.0032846847464185203,0.002076758764957276,0.0006101200655805883,-0.0007694905823640852,-0.0017771956128953548,-0.0022274193600679837,-0.0022199586613425026,-0.001969398422119184,-0.001605210075972252,-0.0013467070791861602,-0.0014131613657042408,-0.0017818885256204453,-0.0022121455778290056,-0.002208895732991323,-0.0015374339579210528,-0.00047476639286614386,0.0005988879392404556,0.0014559419225790293,0.001978820662884573,0.0021428678831370007,0.0019708243925720126,0.001455045528508947,0.0006775688898841281,7.157059667139976e-05,-3.13780529337393e-05,0.0001618614409171215,0.00022847401748293805,1.8985413935412865e-05,-0.00031719876725233576,-0.0004916285711864532,-0.00034561994932680307,-0.0001502293567323676,-0.00036113662060799356,-0.0010409003659006544,-0.0016764080124076486,-0.0018161872006317026,-0.0014210062015962421,-0.0008076599944395468,-0.0003199263354236592,-3.231987247276358e-05,0.00024859631020390793,0.0009221438612705413,0.001885596345729823,0.0026323081492307665,0.002974484658579968,0.0030262705674743984,0.0029337636764381614,0.0027677800051861823,0.0025833051253698613,0.002474334293012248,0.0023611843591453407,0.0021405499595061883,0.0019466230849474186,0.002147609201585965,0.002824395606282337,0.0037695353505284857,0.0048418606901634575,0.005808317382616224,0.006285947762307842,0.005822266668786824,0.004275245046869713,0.002140837951358776,0.00010636502095762168,-0.001371006530526131,-0.002154622480432522,-0.0024790010044739574,-0.0026777340345063294,-0.0029216666863618457,-0.0032114415571271593,-0.003569616602305814,-0.0039018259734291405,-0.004105089601580403,-0.004159319111352033,-0.003986824204105233,-0.003538682680215288,-0.0028151323494540748,-0.0017432355559066082,-0.0002839491142214712,0.0013790839581417913,0.002970938162150105,0.004087783000983336,0.004483021953660682,0.0042526133725573345,0.0035551142030243454,0.002469661142256996,0.000907708741504365,-0.0011856623460815285,-0.0036043390494455707,-0.005765305566285406,-0.007068904128715303,-0.007480151609229324,-0.007426467885096599,-0.007468295315504747,-0.007887560826702611,-0.008436947140921802,-0.008797217176947925,-0.008789426075850315,-0.008107222448927587,-0.006765362048355428,-0.0051322652794283385,-0.0035283398425178802,-0.0023564350470905993,-0.0018423946812617942,-0.001727591403266615,-0.0015006719200627572,-0.0007116142120011659,0.0008316316524314971,0.002875041094085873,0.004743082815394928,0.005924002621782165,0.00652497433861754,0.006874194546924173,0.007117134437351069,0.007383563982443775,0.007809838997729912,0.008398873596604517,0.009100767250913577,0.009733755135243882,0.010018708529457854,0.009877831885773958,0.009307919768275497,0.008252336591851872,0.006823388520871276,0.0052703934549924725,0.003888990462996844,0.0029783899790913893,0.00246243736512497,0.002106774310561832,0.0018023433856484417,0.0015736545400102386,0.0014368264356079408,0.0012433111207243996,0.0009370846321132831,0.0008438268972454921,0.0013388611330711342,0.002384276776012939,0.0033848952529780263,0.003751078558877907,0.003387046643155145,0.002655675013230052,0.00201385241815899,0.0015401064867859304,0.0010210264855814444,0.0002308792185212738,-0.0008934467055077278,-0.002195347459377217,-0.0036479741449824132,-0.005386382895267161,-0.007350717812215635,-0.00924781673461439,-0.010644329861975166,-0.011319973403089989,-0.011509809993981435,-0.011561308355112487,-0.01174653174729201,-0.011990865189659417,-0.011917734354938148,-0.01134970606386787,-0.010079611811875111,-0.007919331856953704,-0.005161560068245308,-0.0025527502334199426,-0.0007763309439745569,0.00012821933792483975,0.0007013075120632095,0.001523170811701391,0.0027655071566101697,0.004254308016982122,0.005727998075855112,0.006909859795456441,0.007659790135505773,0.00812146172535222,0.008469909218433713,0.008836805065470799,0.00925607857027444,0.00955033740979161,0.00957669410439621,0.009363790631766733,0.008805558060487328,0.00783833620232599,0.006539669694660688,0.004903350170337717,0.0029983842075864686,0.0010513743209372706,-0.0006932679985638401,-0.002083769379268574,-0.0029762678988021207,-0.0033216034367455904,-0.0033825133805009955,-0.0036426273108958185,-0.00445551151528889,-0.005691233262439255,-0.006955621412174651,-0.008091739722715374,-0.00915182152283478,-0.010088651691830819,-0.01071187671897178,-0.01085404655043476,-0.010327037891499913,-0.00901868535407857,-0.007114215438974725,-0.004995321489786875,-0.003001285442394419,-0.0012424811179911899,0.00036137814962700077,0.0017820659392597804,0.0029786912936202725,0.0038922469691726747,0.004473642345459439,0.0047990384999252456,0.005044810791332566,0.005523511870109132,0.006360742599298419,0.007378102129251829,0.008167913456702536,0.00844204972594298,0.008306772159016873,0.007952468905614296,0.0075332886595447235,0.00692366519672305,0.00599145799640155,0.004669933328926845,0.0028604758561812105,0.0008373907123271351,-0.0009494627306594339,-0.002207132254739008,-0.003008773008517096,-0.003623210620418149,-0.0042489824991776,-0.004914786799758986,-0.005545931269779203,-0.005902051736228486,-0.005708255201852808,-0.0050303516907490575,-0.004162302058574596,-0.0033564022672294413,-0.002676234123200061,-0.002117229724873937,-0.0016294888771639648,-0.0012315688469044517,-0.0010016509843779886,-0.001011158601293971,-0.0012036319718689015,-0.0014316823282456426
32000.0,60.0,-0.0014696999173224867,-0.0016719259310349344,-0.0013705020451837413,-0.001017434914096782,-0.0008732135015065978,-0.0008923711769526221,-0.0009842067161258683,-0.001061587151518495,-0.0010978372655401358,-0.0010091484314855848,-0.0006757609471996773,-0.0002073942129143802,0.00013913475926941032,0.00023929175307912942,0.00037015701614961927,0.000911481445875495,0.0019528041406147167,0.0030343803025800753,0.003397258252491042,0.0027974571548128324,0.0016022788651426367,0.00021813886807997562,-0.00106040209946201,-0.002008467836489558,-0.002653432806809519,-0.0031776308251352248,-0.003614410770680365,-0.0038988914319304513,-0.003982164376026276,-0.0038834535587284336,-0.003766007061756227,-0.00382754450356515,-0.003978369189638897,-0.00398588539951561,-0.0038138709967938667,-0.0036506360157062545,-0.003644435642158328,-0.0037931950913616674,-0.003990635821793376,-0.0042086658602613625,-0.004396544461826579,-0.004423953647858525,-0.00425031654316399,-0.0038191405593579475,-0.003153520333754045,-0.0024503250539709143,-0.001881965472350089,-0.0014116536828367998,-0.0007318154415791867,0.0003475346677106472,0.001607338040443551,0.002640721641355981,0.003350153710002246,0.004036067036139457,0.004975872158752281,0.006182695244660863,0.007385020595052083,0.008264524176126997,0.008875087331716713,0.009448220872343427,0.009852787918873673,0.009809599355037335,0.009076311258127134,0.0074791524085071615,0.005217273280067047,0.002847587721177547,0.0008126340156344725,-0.000813564771107167,-0.00204549976956514,-0.002789183106699511,-0.002940849341825924,-0.002664794385154323,-0.0023462405351892812,-0.0022681216904629764,-0.0025368327438712868,-0.0030151241503517667,-0.0032784108761063635,-0.00310054892871392,-0.002631930229313184,-0.002015676958677659,-0.0012156363693449634,-0.00010784868137436732,0.0012433890583807283,0.002523734776715969,0.0033011813282968205,0.003147354821209092,0.002031387058565315,0.00026037574873960523,-0.0017694189446970654,-0.003726535080517124,-0.005557001081513135,-0.007232646925814379,-0.008602079049069289,-0.00945697653520483,-0.009601556882898876,-0.00901039420853067,-0.007899077836270862,-0.006608685154674276,-0.005417615245306706,-0.0043997721022037695,-0.003622263600178144,-0.0030736801992503615,-0.002524306097484441,-0.001817018535632542,-0.001013913064618066,-5.455016993671791e-05,0.0011656180465280386,0.0023081154765236533,0.002975991009179779,0.00316261328237033,0.0032329086074867064,0.0035895482142223045,0.0042197934035925755,0.004844863621400464,0.005400837999047781,0.005972426109224216,0.006548353415070096,0.007139070223871613,0.007849409122684392,0.008819344365917914,0.009898248443107605,0.010524911608911225,0.010205271294694285,0.008884848412549218,0.006991577983228581,0.0050915374139037795,0.0035437734968724044,0.0023621125055939274,0.0014728869235369757,0.0009041317139413252,0.0006081070647034892,0.0004231066053073107,0.000256449833591077,6.813397762650553e-05,-0.0001395433629758358,-0.00013185895431089278,0.0001622524892219701,0.0006591962531388162,0.0013472765125754904,0.00215074824616579,0.0031106699438510077,0.004132962860836642,0.004764040273386172,0.004618548210544304,0.003861007069616562,0.0030591615907127334,0.0023977511087736048,0.001492403201019954,-9.007058293653003e-05,-0.0024704585044332816,-0.005338950614941496,-0.008222295733162355,-0.010799110050641048,-0.013012321886662903,-0.0147359990876339,-0.015674791242759056,-0.015855457391467098,-0.01563275375815465,-0.0153033070660058,-0.014916805568532254,-0.014161914307919687,-0.01271336191877026,-0.010580511577984453,-0.008082555069677255,-0.005706605410438215,-0.003643042756351633,-0.0017856457423803818,0.00013876014226532618,0.0022252364395569657,0.0043409116301518225,0.006341096536743862,0.008066732171130298,0.009361263764162686,0.010287110718820713,0.010955996998518458,0.01135980731703512,0.011466448235353255,0.011307240477265168,0.010943151274034335,0.010456173704653793,0.009881572005099315,0.009124812017091699,0.008198187018138015,0.0071084347297301065,0.005963924465390846,0.004971894895788864,0.00415983336665704,0.003396506409458766,0.002590761383203244,0.0017175224575893822,0.0008539158269371683,3.17823133262618e-06,-0.0008619616131966268,-0.001823063033867811,-0.0031589835192136206,-0.004958021548873148,-0.006771090799162494,-0.007997432049933195,-0.008513745264338013,-0.008616459545862654,-0.008644559734705126,-0.008796575912128901,-0.008949727181573053,-0.008973826126634776,-0.008940024720516249,-0.008856898325859675,-0.00859876081449329,-0.007913817157145786,-0.006930102269819827,-0.006184869505432289,-0.005791601864757467,-0.005362111643592016,-0.00459495419491418,-0.003549641691691363,-0.002616022953816355,-0.0017977115351897055,-0.0006953154163547026,0.000794079524357727,0.0025622577393136226,0.004603636138966749,0.006796495366501176,0.008689492680957756,0.009946325540965972,0.010660353488844976,0.011063581162318314,0.011100848240630512,0.010439711317644651,0.008910688187313553,0.006849607547820824,0.004941765663346587,0.003631225986566733,0.002903604912063429,0.0024539208443030702,0.00196348715064687,0.0014251557711730811,0.0010203261568975108,0.0008427253894716102,0.0007734496376698985,0.0006455658785320395,0.00043899378576739423,0.00019583316912541449,-0.0002710945357087269,-0.0009185681104639798,-0.0014415265647826914
32000.0,55.0,0.004296997424546589,0.003051811470200505,0.001749014710838992,0.0007054529183037062,9.293555508493867e-05,8.356255791486245e-06,0.00026162957911246565,0.00048423254295215656,0.0004894865068827414,0.0002802373055832419,3.993374381172643e-05,-0.00019774823445395384,-0.0005555459425821141,-0.0009954055357752623,-0.0011292138335505797,-0.0006697202237226918,0.00020173138159940152,0.001053787057614386,0.0015320730240020453,0.00159205060246137,0.0014823380301010047,0.0014528309666417272,0.0016327466045851224,0.0019989168098533128,0.0022834869550791836,0.0022254174059099796,0.0017743346791831982,0.001143020789129423,0.0006765492055471611,0.0005389789170529014,0.000514710052357259,0.00033622624129314715,-3.251817218274944e-05,-0.0005470585651146109,-0.0010884944057210078,-0.0013824335010070854,-0.0012646392821835661,-0.0007891856057540281,-0.00025121282831719327,-1.8407040214968307e-06,-0.00015120811547308932,-0.0006768706706239414,-0.0013674780197092673,-0.0019529282635488698,-0.0023120252379271733,-0.002483960592769563,-0.002556975298162456,-0.002534503718010228,-0.0024753956662237897,-0.00251628318181929,-0.002605777371655904,-0.002662218445692588,-0.002720832448233068,-0.0025652755475391587,-0.0020126542654708146,-0.0012652445757765918,-0.0005707782579911225,0.00010940676836712626,0.0009686902391337071,0.0021020394314064106,0.0035044571689013537,0.004990710955610211,0.006286430931368159,0.007139130175914943,0.0071967711789966415,0.006345797221030125,0.004946387743842706,0.0033438440905086964,0.0015547182430353246,-0.0002695734746538392,-0.0018660373246603967,-0.00319879300825221,-0.004440053658072429,-0.005550640391760453,-0.006276466013588333,-0.006609194080908765,-0.006624561343926416,-0.00627860918811507,-0.005534995128897435,-0.004386724761218375,-0.0028919211469968786,-0.001144042638401288,0.0006959066101153155,0.0023840143192899177,0.0036407175052488583,0.004281083043622402,0.004401908615392358,0.004157601374288333,0.0036254717006301007,0.002810757626647842,0.0015964580768468295,0.0001702787078006196,-0.0010113108128706472,-0.0018164147963517507,-0.002478362848279403,-0.0032765412605328947,-0.004167913125741052,-0.004848899504139581,-0.005224355614785736,-0.005265896163564321,-0.004934911590481761,-0.004464418168481643,-0.004076228687921457,-0.0037663214769168007,-0.0035183065349997378,-0.003358766376138078,-0.003163369122205495,-0.002803097531867138,-0.002328239601112614,-0.001959319595457032,-0.0017950363417895687,-0.0015261284458389923,-0.0009321372562709485,-7.641570015648469e-05,0.0010277022566285154,0.0024255717434584767,0.003799990988540003,0.004664360453432437,0.00512882492031963,0.005618603360346697,0.0063285550133684865,0.0072237447135137245,0.008138823837100517,0.008724375888391478,0.008735914214241802,0.008213508984056261,0.007290815950966589,0.006146727127287477,0.00492028151555246,0.003688223060294149,0.002524765729816636,0.0015202407110948002,0.0005973285754912183,-0.00023016456796032259,-0.0008057144396111937,-0.001038450880841424,-0.0009241968301765269,-0.0005723877483099216,-0.00015574901091053306,0.00023884627609049858,0.0006068910374246173,0.0009236204023821415,0.0012199846688432103,0.0017392957074591209,0.002490194495052833,0.003307237372851546,0.004105864537251591,0.004560606114978327,0.004426207400598514,0.003957208338789542,0.003414854621297536,0.0027767914634324598,0.001764916879309908,0.00021047731613155207,-0.001790650405730787,-0.00406609146352821,-0.006319516909769618,-0.008010958119086808,-0.008767569781298334,-0.0089323490826132,-0.009117549382153811,-0.009429769853852576,-0.00962615764876773,-0.009625790831080394,-0.009503549058820226,-0.0093282892521529,-0.009064835104766189,-0.008520374628062655,-0.007600458928891385,-0.006394691887123827,-0.004921353990994248,-0.0031611018247446054,-0.0014504945022864035,-5.175554776415403e-05,0.0012251770709070797,0.0026184947543583803,0.004077864268481335,0.005270404557222719,0.0059232401206088525,0.006245558736850398,0.006532864027519736,0.006704125254941573,0.006716577072296559,0.006649532924285495,0.006505873173523469,0.006477399061566302,0.006791967877006755,0.007486599784556347,0.008387586625246968,0.009184792482130888,0.009398255507164777,0.00889911788704012,0.007946054481067222,0.006619974790567085,0.004943641496168993,0.0031750579942979584,0.001551007322575515,0.00025312352214257317,-0.0005183224960347843,-0.0009810101619933675,-0.0015127330499353775,-0.002274112231859249,-0.0032512714742694016,-0.004395689590097618,-0.005579713135972497,-0.006633106064413141,-0.007458340611776748,-0.007963332215865648,-0.00813120504261633,-0.00789262877276542,-0.007131686352579436,-0.0060380260791248475,-0.004979295198381806,-0.004194424363390681,-0.0036231790900842498,-0.003037820217599574,-0.0024239374951662285,-0.0020281722967752103,-0.0017950602115845982,-0.00127033683572364,-0.0002632226381305003,0.0009492828745294446,0.001924550740994846,0.0023620774225463492,0.0021286574725110086,0.0013861106706869464,0.0006084915904480681,0.00021092973201408682,0.00035533412323651703,0.0008861241740376613,0.0013565377710023085,0.001473989041933521,0.0011719197834381134,0.0004225072236518912,-0.000442020281488098,-0.0010256914206863144,-0.0012139798055699202,-0.0008751754321245642,-7.122640151291382e-06,0.00100216501763839,0.0015935951447332286,0.0015037037170984036,0.0008796551820289267,0.0001368704455328995
32000.0,50.0,0.0030381024362924336,0.0026604303204891266,0.001927044523952759,0.00110404474451542,0.0003812486992771369,-0.00022378349173735046,-0.0007684765046533926,-0.0012028760210114342,-0.0013491326944503612,-0.0012035855645464721,-0.0008594039924147978,-0.0004096889216764765,0.0001055568271679519,0.0005047721129969318,0.0006546918562833071,0.0005567591943034245,0.00039240330429457515,0.0004070700998504151,0.0006981188405141836,0.0010993580490392674,0.0013165214474142317,0.0014115564272998427,0.0014488956701086408,0.0011443495040452945,0.0003605938048156787,-0.0004972985356843651,-0.0008704803544645756,-0.0007611442587318606,-0.0005366929123340469,-0.0004800661534964945,-0.0006768465232731558,-0.0010864791288867082,-0.0015947052567355513,-0.002000328569451426,-0.0022342563354982303,-0.002438330426457469,-0.00264333110955306,-0.0028133413376707495,-0.0030347648838358054,-0.003279031934866339,-0.0034713658614293763,-0.003476757326481561,-0.0033023963563749703,-0.0030860376476482543,-0.0028639048910150677,-0.0024875450588268677,-0.0018473272911379013,-0.0010601045596914105,-0.00040291209257858895,-9.633462777491886e-05,-0.00010737508104874394,-0.00024399596232349552,-0.00027584967643434766,-0.00011606940408803723,0.0002091539441639867,0.0006847744593585503,0.0013108434337993913,0.0020134605094312974,0.0024854225344483893,0.002504791263291395,0.002173344837430591,0.0018743271379406679,0.002069635351986676,0.002877919680344121,0.003851075902616685,0.0044053196646132164,0.004256929475587867,0.003464696307631243,0.002336179250050918,0.001331526888748158,0.0007390925094163947,0.0005472050590427102,0.0005192613006244073,0.0004460203317790956,0.00027214580589074444,-9.728152311483385e-05,-0.0007112627709027208,-0.0013661440867451802,-0.0016888609399856591,-0.0014568294348649147,-0.000808793254591933,-0.00010471461198147125,0.0004226260730266773,0.000847724168639985,0.0014342527165922547,0.0022967627799630463,0.0032453071341365103,0.003960330730023998,0.004277493026449974,0.004376176754306016,0.004376745188494624,0.004025608291158278,0.0031396165667274545,0.0019406500850749353,0.0007110760313899789,-0.0004010248799701799,-0.001276813099693186,-0.0018800476730973514,-0.0023457451536756935,-0.0027804374358453288,-0.0032154505724690807,-0.003697479211695054,-0.004226289984643472,-0.004867737768421421,-0.005498538069304004,-0.005751310983015401,-0.005539108727248276,-0.005144429326975342,-0.004723097024594836,-0.00410326039812503,-0.003098140854973508,-0.0019263064476859881,-0.0009148487523091831,-0.00016543051650774743,0.00026955301879461047,0.0004159315669660657,0.0003640312495889475,0.00014723756935897114,-0.00018202002405320883,-0.0004462561709051016,-0.00034360264633548354,0.00023219652589556716,0.001040974195731792,0.001712384123386812,0.002017610967186556,0.0018421927316936149,0.0013798647779950102,0.0010707575937018987,0.0010771888936389473,0.001240004654512461,0.0012844049157578752,0.0009213753093817445,3.186307467872851e-05,-0.0011900684881993584,-0.0022242025998764348,-0.0026577389178328303,-0.0026031392597047898,-0.002333416571076441,-0.0018771413312634877,-0.0011631071661355463,-0.00019176786547614455,0.0008446905952474992,0.0018144821201104833,0.002711662450138874,0.003494055045294431,0.004105788597996707,0.004507786144358761,0.004814627363458612,0.005134200176115655,0.0054316471320703386,0.0056220454958122446,0.0056233666612115485,0.005410107473124981,0.0049277923963586545,0.004000968001349747,0.002510856855764132,0.0006918323691706973,-0.0009787417543094534,-0.002234266327505452,-0.003122083702677969,-0.003724195174470424,-0.0041000967065940586,-0.004642358941708835,-0.00581188341897132,-0.0074840809105580774,-0.009049303528740893,-0.009932652034194689,-0.010002441541701046,-0.009530555011849628,-0.008822609309788731,-0.00793948640165354,-0.006751185388509384,-0.0051073949514091055,-0.0032039260133842618,-0.001464875887258188,5.989959223073882e-05,0.0015151576659988564,0.002831741952036282,0.003791510660988706,0.0042082834994516816,0.0041439318643199385,0.003911125201483401,0.003801942316528084,0.003924208069605584,0.004310106493932153,0.0049303041649295665,0.005523204116286706,0.005836803929071266,0.005937120572951926,0.005841287009644702,0.005606535680158231,0.005431942895484099,0.005194146446285686,0.004642939810395319,0.003710762808140089,0.002721366021418703,0.0020736232730911297,0.0017611057057109747,0.0015981254097852116,0.001625750534195447,0.0018872745588538464,0.0021717969644896584,0.0020483275076088603,0.0014271619441785788,0.0006436095545403475,-2.5415742427314925e-05,-0.0004396309705168022,-0.000638734454216916,-0.0007784327071824748,-0.0009444681703385527,-0.0012369991697624982,-0.0018275785329535665,-0.0027207993635869343,-0.003702292028506804,-0.004583479373820865,-0.005250126111633335,-0.005644412937044763,-0.005894087440339035,-0.0060872218377028275,-0.006078634040562747,-0.005539683378685822,-0.004359394178976572,-0.002693169021128483,-0.0008556633179779283,0.0008014545693768582,0.002035811963452261,0.00281533951707047,0.003305841822509592,0.0035882741222792447,0.0036636007560986172,0.003590059360902842,0.003423968664151289,0.0030782234539117326,0.0025317832275106866,0.0019899251135768736,0.0014416396965089007,0.0007727538609003659,7.366059151525661e-05,-0.00046292811251014143,-0.0006939678831585638,-0.0008430946496496006,-0.0011947404177092835,-0.0018248317301683414,-0.0025301398753896365
32000.0,45.0,-0.0005644082978761844,-0.0008782490845682389,-0.0008483325153463284,-0.000546268141832229,-0.00027670724045414374,-0.000316553117052365,-0.0007607851015833944,-0.001333891774812912,-0.0015639411987677931,-0.001156405637914304,-0.00034676095328478596,0.00034225597356218884,0.0005428833493859031,0.00028143973263006217,1.8037675519888552e-05,0.0001582376868425328,0.0006861369805655215,0.0012221678113988332,0.0014691419192303101,0.001449877218284712,0.0012184894204736452,0.0008598251555191894,0.0005367921662724484,0.0002663455567208928,1.1706310400205755e-05,-0.0002263859932849499,-0.00033815666933278976,-0.00020239773745878153,0.0002498765083736032,0.0008592077604951953,0.001306940555778624,0.0014929618652459453,0.0015013161824839472,0.001391009085693895,0.0012326679676988306,0.0010473569789226644,0.0006949280040302597,2.5462588634783678e-05,-0.0008525632422262674,-0.001582766806507152,-0.0019275765428261593,-0.0019407817575256558,-0.001714096309335389,-0.0012719175712661013,-0.0007135652624334909,-0.0002306772967086701,-8.651641902890361e-06,-1.9460625819145427e-05,-0.00021297459629199267,-0.0005615488629651111,-0.0008944946450206714,-0.001140534444665775,-0.0014124289515748956,-0.0016143361092346709,-0.001601361487857389,-0.0014580084917170666,-0.0012836071094923795,-0.0011644623043594038,-0.0010635649028145622,-0.0008285218067172195,-0.00041361836178310796,-4.9061709556097455e-05,0.0001498338675354205,0.0002135907284372962,0.00020158906488543238,0.0002838047852282699,0.0006013911035829267,0.0010706661113246696,0.0015792074314902038,0.0019014740892941973,0.0017888113212904955,0.0013268740550742564,0.0007146330194274242,0.00016172695127547598,-0.00014799070302551343,-0.00034337283016938613,-0.0005870524621975903,-0.0009054709759759305,-0.0012478953426153794,-0.0014739441889233262,-0.0013413579136312137,-0.0006396916329975966,0.0004768982986291803,0.0015070631409486168,0.0020763515351518436,0.002176015367894024,0.002060851267415842,0.0018879058316656483,0.0015598006219974536,0.001204333743842767,0.001123306780925759,0.0013064997972378478,0.0016456876972270607,0.0021448356424258463,0.00259315657835657,0.002587653646912713,0.001987542797010633,0.0009615959140063524,-0.00015366057037891068,-0.0011035309332996235,-0.001894567835947214,-0.0026160362764926504,-0.003144214222317032,-0.003194675635143085,-0.00264535948701905,-0.001813419636675917,-0.0013978812551940223,-0.0017629863124923872,-0.0025809316905878177,-0.003261243053387375,-0.0034348428545882825,-0.0030514994975305854,-0.002308234936521103,-0.001530397253368676,-0.0009588964067219763,-0.0006115067341383451,-0.00044916237396108727,-0.0003358661959662612,-0.0002277965871488874,-0.0002357437856037592,-0.00041789299798367097,-0.0004677015441600929,5.392805299542225e-05,0.0009686124124996809,0.0017935243290523317,0.002336810744907325,0.0026725504032043546,0.0027571902538880977,0.0026006781173038007,0.0024905846274236865,0.002469953575001682,0.002392724018918102,0.0023082009636965495,0.002333582660440925,0.002363630402513195,0.0022836323942954095,0.0020190933369690356,0.0014823895444493473,0.0008476347401753515,0.000408876016377846,0.0003867325348849704,0.0007691526304753893,0.001431531226891991,0.002135965404548301,0.0026182416235087658,0.002616270977640056,0.002114086905535828,0.0015262381358738253,0.0013645147234342403,0.0016266121782848586,0.0019665296058235526,0.0021971209296367533,0.0022772406182980376,0.0022422437240265936,0.002171460566913197,0.0019670627349199776,0.001507763358610248,0.0010601971522916642,0.0010077430001587118,0.0013004669563443372,0.0015627075189428297,0.0014865114694728732,0.0008373161053398803,-0.0003406842030706514,-0.0016507269995358342,-0.0025883872822873855,-0.002845421676056503,-0.0025945325887732906,-0.0022818609224373176,-0.002222614980951221,-0.0025373259049388253,-0.0031782587672779528,-0.003972752349312714,-0.004636111938793874,-0.004807128473061084,-0.00457019488919741,-0.004228877692469268,-0.003754212940521029,-0.0031034843583910288,-0.0024173969492835568,-0.001833050822241944,-0.001304614083430522,-0.0006954709030893014,4.126198688281235e-05,0.0008818367147611639,0.0017356182047123525,0.0023071873300750667,0.0024459969605317156,0.002274277211000708,0.002052033432065059,0.002018286426874738,0.002241093088883872,0.0026121289575797846,0.003011744409420203,0.0033089557760490607,0.0033476916794228373,0.0030897040481647764,0.0027127815549476963,0.0024299824374907075,0.0023443997854144527,0.002496663542572719,0.0029714553040349756,0.0035865479475205575,0.0040499381626091235,0.004379979934299172,0.00446608661164305,0.004030759725992539,0.0031360833929738874,0.0021264605631898803,0.00120819043658571,0.00042505718389485025,-0.00030000973927357677,-0.0010673999462085249,-0.001753415634908606,-0.0021844974718021604,-0.0023101918156243073,-0.0021530841554096014,-0.002034709511988808,-0.0023260140480374503,-0.002904332996322978,-0.0034066105492058796,-0.0038536009938638927,-0.004354805849260401,-0.0047366950362004445,-0.004914133988620506,-0.004943671694235263,-0.004913431883579733,-0.004809139753092495,-0.004469411951646407,-0.0038893470666323537,-0.003177771823459352,-0.002482169136897028,-0.0019199613010556504,-0.0014085097532756663,-0.0008924190275649835,-0.00042041742309706365,-0.00020431201175341585,-0.00020159972302646878,-0.00021798257643368402,-5.092539237527838e-05,0.00045492801192814625,0.00127850396935969,0.002193366377412076,0.002893856487773405
32000.0,40.0,-0.0007722323891456995,-0.001096139512490879,-0.001326024956505023,-0.0011794822896149526,-0.0006756935566620825,9.005535900330486e-05,0.0008858152544810594,0.0013816879862460496,0.0016036064698354835,0.0017040365785092604,0.0016606418462572492,0.0014793434255366833,0.0011760478146882747,0.0008008495533395887,0.0006890846226959013,0.0012481896627392075,0.002496803208629217,0.003989893304634506,0.0051463886485692,0.005533370206478594,0.00503997110712362,0.003922710600789969,0.002561261647215929,0.0014941826664838231,0.0009734806294403597,0.0007427570780649262,0.00045459735975583726,0.00018145493441146243,0.0001545020500426375,0.0002362833262381514,4.975669182227804e-05,-0.0005483911102999173,-0.001271063698737862,-0.001828381557267278,-0.002153212941280458,-0.0023332575871393146,-0.002431195467167413,-0.002524081832433467,-0.0025299202732753656,-0.0022431112522980357,-0.0016268507652128505,-0.0007815172398117909,0.0001323850057355358,0.0009203020567838394,0.0012427535667214329,0.0009902202391387505,0.00050064585810361,3.7461561630536266e-05,-0.00030167268683101156,-0.0004096603056780168,-0.00022480332872998332,0.0002240973656641998,0.0008144492302797346,0.001249137238090725,0.0013139946908324873,0.0009260080480189004,0.00023588470066115974,-0.00046955755950151,-0.0009600581440949441,-0.0011180018022471927,-0.000982568360008429,-0.0006566575061484059,-0.0003700700856867911,-0.00038739011998245587,-0.0006431362664649498,-0.0010336015376921637,-0.0016414689607557875,-0.0022597030913118488,-0.0022849502290256396,-0.001546410777208962,-0.0004279026022402377,0.000580629155866319,0.0011898251273123606,0.0014384066160388898,0.0013828469480614558,0.0011056228155226222,0.0008950583052502736,0.0010477038125955573,0.001514178227246532,0.001916482750274895,0.0019502019998896003,0.0016261162416597585,0.0010845996323283202,0.0005663257085508633,0.00018656690081719773,-6.701034865885802e-05,-8.117172906052517e-05,0.00020603159456289433,0.0007490226772155495,0.001257720594338707,0.0013582249769328314,0.0011625246321145255,0.000988899406806354,0.0008463660883251123,0.0005994830187816547,0.00012097467472216294,-0.0006580002098743876,-0.0016140472292036634,-0.0024726765079918778,-0.003074022369986551,-0.003413635152327288,-0.003576559715057215,-0.0037522176477011726,-0.0041028038744173045,-0.004481097271025192,-0.004566358402513515,-0.0042001979672079415,-0.003507530932367331,-0.002879485982987262,-0.002554644495944558,-0.0023650532643415545,-0.00214338813364634,-0.001861802378932964,-0.001492241885614476,-0.0010360864388658797,-0.0006710644262497567,-0.0005799395963457243,-0.0006484343062496123,-0.0004918637164230688,0.0001280047318141797,0.0011213810990895468,0.002127924059180941,0.002697457590628005,0.0025460955566103394,0.0019308492582581493,0.0013233337758933317,0.0010692604579531917,0.0013842300639055338,0.002084444394867546,0.0027116675571647875,0.002983884916929469,0.0029586992855712424,0.0027040172323467004,0.0022642172581299747,0.0018061787621093117,0.0013874291715509912,0.0008886133495700221,0.0003643830515098756,-0.00011959397361316348,-0.0006004495789468933,-0.0010508419689969628,-0.0014007169868435199,-0.001603347343781536,-0.0016037740024898994,-0.001402315930043585,-0.0011275325118020874,-0.0007710397320614959,-0.00026959226517853097,0.00034543129467934364,0.0008733346823497357,0.0009586860194588098,0.0005401551983474917,-3.3430310603099755e-05,-0.0004040718315501124,-0.0003235203493989758,0.0002550672728585113,0.0011463934246336294,0.0020029156111434077,0.0025938791115009963,0.0028903697213422674,0.0031207236794728033,0.003599934128573068,0.004222695526578946,0.004567576983305344,0.004448267532097816,0.0040215550889399765,0.0035304712486805556,0.0031049189885834494,0.002831892942367631,0.002744843907720451,0.0025901516487181198,0.002055217551699684,0.001243292246932981,0.0005251856172172609,0.00018916916644240445,0.00022288380863155766,0.0002875542859381852,7.851294614447113e-05,-0.0003886260480090442,-0.0008678777141390981,-0.0011052073700668075,-0.0011518331843873852,-0.0011958740664397283,-0.0012546622629727722,-0.0014044617691055805,-0.0017813005515066038,-0.002281462574416082,-0.0027043718375807657,-0.0030399300854355715,-0.0035582201629580368,-0.0042688177437355534,-0.00474814187967354,-0.004640970274749634,-0.004052774560392436,-0.003370543399938697,-0.0028781368399677376,-0.002502460239028892,-0.0020481403240069085,-0.0015393079033643176,-0.0010113502257880214,-0.00044382841846157817,-2.9744338936321668e-05,-0.00010961365842776516,-0.00074243489134318,-0.0016472264663391911,-0.002506786778155856,-0.0030427027564172704,-0.003171418683223237,-0.0028797180195994088,-0.002128274445567513,-0.0011508409780702777,-0.0004287944999070703,-0.0002448314884162528,-0.0003356327715753338,-0.0001921781761504704,0.0004543630471864901,0.0014415760807295896,0.0023245347868794397,0.0027538491487177907,0.0027370981037222464,0.002479514149555939,0.002099147966561077,0.0015914678463957443,0.0010713341325185866,0.000728381521764021,0.0007387416789406132,0.0011188560078423393,0.001684335892981892,0.002063214044056849,0.0020470289907592587,0.0017525978446286672,0.0011193764803962836,5.4076583488882335e-05,-0.001097888446821571,-0.001868168952867677,-0.0021000556849060104,-0.0019847781196347114,-0.0017145503905524606,-0.0012891808731652077,-0.0009744552942336782,-0.0010034983954909649,-0.0012671784732631863,-0.0016036069139246933,-0.0019989798705211115
